0.678
0.67829
0.67858
0.67887
0.67916
0.67945
0.67974
0.68003
0.68032
0.68061
0.6809
0.68119
0.68148
0.68177
0.68206
0.68235
0.68264
0.68293
0.68322
0.68351
0.6838
0.68409
0.68438
0.68467
0.68496
0.68525
0.68554
0.68583
0.68612
0.68641
0.6867
0.68699
0.68728
0.68757
0.68786
0.68815
0.68844
0.68873
0.68902
0.68931
0.6896
0.68989
0.69018
0.69047
0.69076
0.69105
0.69134
0.69163
0.69192
0.69221
0.6925
0.69279
0.69308
0.69337
0.69366
0.69395
0.69424
0.69453
0.69482
0.69511
0.6954
0.69569
0.69598
0.69627
0.69656
0.69685
0.69714
0.69743
0.69772
0.69801
0.6983
0.69859
0.69888
0.69917
0.69946
0.69975
0.70004
0.70033
0.70062
0.70091
0.7012
0.70149
0.70178
0.70207
0.70236
0.70265
0.70294
0.70323
0.70352
0.70381
0.7041
0.70439
0.70468
0.70497
0.70526
0.70555
0.70584
0.70613
0.70642
0.70671
0.707
0.70729
0.70758
0.70787
0.70816
0.70845
0.70874
0.70903
0.70932
0.70961
0.7099
0.71019
0.71048
0.71077
0.71106
0.71135
0.71164
0.71193
0.71222
0.71251
0.7128
0.71309
0.71338
0.71367
0.71396
0.71425
0.71454
0.71483
0.71512
0.71541
0.7157
0.71599
0.71628
0.71657
0.71686
0.71715
0.71744
0.71773
0.71802
0.71831
0.7186
0.71889
0.71918
0.71947
0.71976
0.72005
0.72034
0.72063
0.72092
0.72121
0.7215
0.72179
0.72208
0.72237
0.72266
0.72295
0.72324
0.72353
0.72382
0.72411
0.7244
0.72469
0.72498
0.72527
0.72556
0.72585
0.72614
0.72643
0.72672
0.72701
0.7273
0.72759
0.72788
0.72817
0.72846
0.72875
0.72904
0.72933
0.72962
0.72991
0.7302
0.73049
0.73078
0.73107
0.73136
0.73165
0.73194
0.73223
0.73252
0.73281
0.7331
0.73339
0.73368
0.73397
0.73426
0.73455
0.73484
0.73513
0.73542
0.73571
0.736
0.73629
0.73658
0.73687
0.73716
0.73745
0.73774
0.73803
0.73832
0.73861
0.7389
0.73919
0.73948
0.73977
0.74006
0.74035
0.74064
0.74093
0.74122
0.74151
0.7418
0.74209
0.74238
0.74267
0.74296
0.74325
0.74354
0.74383
0.74412
0.74441
0.7447
0.74499
0.74528
0.74557
0.74586
0.74615
0.74644
0.74673
0.74702
0.74731
0.7476
0.74789
0.74818
0.74847
0.74876
0.74905
0.74934
0.74963
0.74992
0.75021
0.7505
0.75079
0.75108
0.75137
0.75166
0.75195
0.75224
0.75253
0.75282
0.75311
0.7534
0.75369
0.75398
0.75427
0.75456
0.75485
0.75514
0.75543
0.75572
0.75601
0.7563
0.75659
0.75688
0.75717
0.75746
0.75775
0.75804
0.75833
0.75862
0.75891
0.7592
0.75949
0.75978
0.76007
0.76036
0.76065
0.76094
0.76123
0.76152
0.76181
0.7621
0.76239
0.76268
0.76297
0.76326
0.76355
0.76384
0.76413
0.76442
0.76471
0.765
0.76529
0.76558
0.76587
0.76616
0.76645
0.76674
0.76703
0.76732
0.76761
0.7679
0.76819
0.76848
0.76877
0.76906
0.76935
0.76964
0.76993
0.77022
0.77051
0.7708
0.77109
0.77138
0.77167
0.77196
0.77225
0.77254
0.77283
0.77312
0.77341
0.7737
0.77399
0.77428
0.77457
0.77486
0.77515
0.77544
0.77573
0.77602
0.77631
0.7766
0.77689
0.77718
0.77747
0.77776
0.77805
0.77834
0.77863
0.77892
0.77921
0.7795
0.77979
0.78008
0.78037
0.78066
0.78095
0.78124
0.78153
0.78182
0.78211
0.7824
0.78269
0.78298
0.78327
0.78356
0.78385
0.78414
0.78443
0.78472
0.78501
0.7853
0.78559
0.78588
0.78617
0.78646
0.78675
0.78704
0.78733
0.78762
0.78791
0.7882
0.78849
0.78878
0.78907
0.78936
0.78965
0.78994
0.79023
0.79052
0.79081
0.7911
0.79139
0.79168
0.79197
0.79226
0.79255
0.79284
0.79313
0.79342
0.79371
0.794
0.79429
0.79458
0.79487
0.79516
0.79545
0.79574
0.79603
0.79632
0.79661
0.7969
0.79719
0.79748
0.79777
0.79806
0.79835
0.79864
0.79893
0.79922
0.79951
0.7998
0.80009
0.80038
0.80067
0.80096
0.80125
0.80154
0.80183
0.80212
0.80241
0.8027
0.80299
0.80328
0.80357
0.80386
0.80415
0.80444
0.80473
0.80502
0.80531
0.8056
0.80589
0.80618
0.80647
0.80676
0.80705
0.80734
0.80763
0.80792
0.80821
0.8085
0.80879
0.80908
0.80937
0.80966
0.80995
0.81024
0.81053
0.81082
0.81111
0.8114
0.81169
0.81198
0.81227
0.81256
0.81285
0.81314
0.81343
0.81372
0.81401
0.8143
0.81459
0.81488
0.81517
0.81546
0.81575
0.81604
0.81633
0.81662
0.81691
0.8172
0.81749
0.81778
0.81807
0.81836
0.81865
0.81894
0.81923
0.81952
0.81981
0.8201
0.82039
0.82068
0.82097
0.82126
0.82155
0.82184
0.82213
0.82242
0.82271
0.823
0.82329
0.82358
0.82387
0.82416
0.82445
0.82474
0.82503
0.82532
0.82561
0.8259
0.82619
0.82648
0.82677
0.82706
0.82735
0.82764
0.82793
0.82822
0.82851
0.8288
0.82909
0.82938
0.82967
0.82996
0.83025
0.83054
0.83083
0.83112
0.83141
0.8317
0.83199
0.83228
0.83257
0.83286
0.83315
0.83344
0.83373
0.83402
0.83431
0.8346
0.83489
0.83518
0.83547
0.83576
0.83605
0.83634
0.83663
0.83692
0.83721
0.8375
0.83779
0.83808
0.83837
0.83866
0.83895
0.83924
0.83953
0.83982
0.84011
0.8404
0.84069
0.84098
0.84127
0.84156
0.84185
0.84214
0.84243
0.84272
0.84301
0.8433
0.84359
0.84388
0.84417
0.84446
0.84475
0.84504
0.84533
0.84562
0.84591
0.8462
0.84649
0.84678
0.84707
0.84736
0.84765
0.84794
0.84823
0.84852
0.84881
0.8491
0.84939
0.84968
0.84997
0.85026
0.85055
0.85084
0.85113
0.85142
0.85171
0.852
0.85229
0.85258
0.85287
0.85316
0.85345
0.85374
0.85403
0.85432
0.85461
0.8549
0.85519
0.85548
0.85577
0.85606
0.85635
0.85664
0.85693
0.85722
0.85751
0.8578
0.85809
0.85838
0.85867
0.85896
0.85925
0.85954
0.85983
0.86012
0.86041
0.8607
0.86099
0.86128
0.86157
0.86186
0.86215
0.86244
0.86273
0.86302
0.86331
0.8636
0.86389
0.86418
0.86447
0.86476
0.86505
0.86534
0.86563
0.86592
0.86621
0.8665
0.86679
0.86708
0.86737
0.86766
0.86795
0.86824
0.86853
0.86882
0.86911
0.8694
0.86969
0.86998
0.87027
0.87056
0.87085
0.87114
0.87143
0.87172
0.87201
0.8723
0.87259
0.87288
0.87317
0.87346
0.87375
0.87404
0.87433
0.87462
0.87491
0.8752
0.87549
0.87578
0.87607
0.87636
0.87665
0.87694
0.87723
0.87752
0.87781
0.8781
0.87839
0.87868
0.87897
0.87926
0.87955
0.87984
0.88013
0.88042
0.88071
0.881
0.88129
0.88158
0.88187
0.88216
0.88245
0.88274
0.88303
0.88332
0.88361
0.8839
0.88419
0.88448
0.88477
0.88506
0.88535
0.88564
0.88593
0.88622
0.88651
0.8868
0.88709
0.88738
0.88767
0.88796
0.88825
0.88854
0.88883
0.88912
0.88941
0.8897
0.88999
0.89028
0.89057
0.89086
0.89115
0.89144
0.89173
0.89202
0.89231
0.8926
0.89289
0.89318
0.89347
0.89376
0.89405
0.89434
0.89463
0.89492
0.89521
0.8955
0.89579
0.89608
0.89637
0.89666
0.89695
0.89724
0.89753
0.89782
0.89811
0.8984
0.89869
0.89898
0.89927
0.89956
0.89985
0.90014
0.90043
0.90072
0.90101
0.9013
0.90159
0.90188
0.90217
0.90246
0.90275
0.90304
0.90333
0.90362
0.90391
0.9042
0.90449
0.90478
0.90507
0.90536
0.90565
0.90594
0.90623
0.90652
0.90681
0.9071
0.90739
0.90768
0.90797
0.90826
0.90855
0.90884
0.90913
0.90942
0.90971
0.91
