5457.5487
5457.5487
5457.5487
5457.5487
4498.33713
4124.94494
3551.81017
3551.84794
3190.19622
2793.86942
2387.25585
2311.59161
2190.76066
1786.40752
1488.32946
1410.53187
1253.37716
1240.00157
1113.74371
948.487394
842.424512
815.723806
694.361089
577.65613
508.55582
481.972716
466.696556
408.966883
394.739978
294.099473
281.735926
245.026347
234.725768
191.403992
177.906117
171.916927
162.930528
147.920939
127.07485
111.885906
113.095197
108.340827
101.580843
92.3898918
89.1751035
85.313277
81.0751143
79.353095
71.2740635
69.0150269
69.7609584
67.5498798
64.7101734
58.8203169
56.7741096
56.7741096
55.2865467
53.8374881
50.0114793
48.9492454
47.9095732
47.9100826
46.892482
43.967068
43.0332162
42.1191993
42.574434
41.2250342
39.492409
39.9188282
38.120348
36.7945619
36.7945619
36.1492199
34.3488253
33.9822671
33.6196206
32.9055466
32.9058965
31.1861792
30.523791
30.5241155
29.8757894
29.5569658
28.9735708
28.2144218
27.7195674
27.7195674
27.2333923
26.2658251
25.7079442
25.4335983
25.4338687
25.4341392
24.1049084
23.8476696
23.5931759
23.8481767
23.3416462
23.0189553
22.6152245
22.6152245
21.8861625
21.6526013
21.4215326
20.5212183
20.3022233
20.3024392
20.302655
20.0859924
19.2418089
19.0364672
19.0366697
19.0368721
18.8337175
18.0421651
18.0423569
17.8498154
17.8500052
17.6595164
17.0999786
17.1001604
16.9176737
16.9178536
16.7373124
16.2069944
16.2071667
16.0342097
16.0343802
15.8632671
15.69398
15.3608064
15.1968814
15.197043
15.0348656
14.874419
14.5586441
14.4032795
14.4034327
14.4035858
14.249876
13.9473597
13.7985186
13.6512658
13.6514109
13.218869
13.2190096
13.0779411
12.938378
12.9385156
12.8004404
12.5286949
12.5288281
12.395125
12.3952568
12.2629791
12.2631095
12.0027711
11.8746818
11.8748081
11.7480845
11.7482094
11.498802
11.376091
11.3762119
11.3763329
11.2549288
11.0159935
11.0161106
10.8985507
10.8986665
10.7823599
10.6674079
10.5535692
10.5536814
10.4410563
10.4411673
10.329743
10.2196164
10.1105563
10.1106638
10.0027665
10.0028728
9.79051791
9.68603705
9.68614004
9.68624304
9.58287495
9.37943633
9.37953607
9.3796358
9.37973554
9.27963839
9.0826373
9.08273388
9.08283046
9.08292704
8.98599733
8.89010201
8.79532358
7.72541325
7.72541325
7.72541325
7.72541325
7.72541325
7.72541325
7.72541325
7.72541325
7.72541325
7.72541325
7.72541325
7.72541325
7.72541325
7.72541325
7.72541325
7.72541325
7.72541325
7.72541325
7.72541325
7.72541325
7.72541325
7.72541325
7.72541325
7.72541325
7.72541325
7.72541325
7.72541325
7.72541325
7.72541325
7.72541325
7.72541325
7.72541325
7.72541325
7.72541325
7.72541325
7.72541325
7.72541325
7.72541325
7.72541325
7.72541325
7.72541325
7.72541325
7.72541325
7.72541325
7.72541325
7.72541325
7.72541325
7.72541325
7.72541325
7.72541325
7.63445503
7.55997878
6.98631813
6.89784465
6.67572801
6.77668126
6.5439012
6.25196152
6.33144466
6.06774852
6.00066078
5.65573744
5.58800999
5.6141478
5.53335098
5.4008143
5.36973113
5.23134111
5.12279913
5.11352925
5.06629122
4.94285142
4.80460163
4.77459584
4.6993727
4.60822291
4.5421354
4.52729112
4.48811564
4.43936807
4.35588269
4.27767485
4.26542192
4.21599303
4.18893064
4.17533833
4.14702314
4.14702314
4.06007432
4.05016255
3.9739972
3.93292149
3.92059023
3.84475253
3.84475253
3.76767529
3.763115
3.75685092
3.75918091
3.704843
3.69595214
3.68154443
3.65405677
3.63981294
3.62355999
3.60518333
3.55853925
3.54953168
3.5376405
3.51907601
3.51907601
3.49516576
3.50820951
3.49392628
3.50271907
3.49271696
3.51561036
3.51561036
3.52458046
3.52458046
3.57102324
3.60043657
3.63054459
3.70077497
3.73468791
3.85884721
3.85884721
3.99910862
3.99910862
4.12378475
4.14447871
4.22412062
4.30287413
4.31890665
4.40580704
4.40580704
4.50546403
4.57675718
4.58723627
4.65478795
4.65478795
4.7177886
4.7177886
4.70061023
4.70061023
4.64668722
4.61036726
4.61036726
4.54668784
4.54668784
4.45170619
4.45170619
4.31498906
4.27898054
4.18198801
4.07471803
4.07471803
3.97864057
3.97864057
3.90826873
3.90826873
3.87101683
3.88569817
3.88422856
3.87692922
3.87692922
3.9137123
3.9137123
3.98046381
3.99685134
4.10395814
4.1688361
4.21815802
4.31544749
4.31544749
4.3709363
4.3709363
4.31042618
4.22977979
4.22977979
4.12384633
4.12384633
3.89804607
3.5051729
3.52466917
3.24261237
3.22904763
2.90598736
2.78065754
2.71714945
2.32283372
2.20900569
2.31958205
2.1155807
2.06078603
2.0599972
2.01882522
1.91778539
1.89449179
1.82729207
1.77684308
1.75497349
1.73376543
1.64220761
1.65554947
1.60621625
1.5889324
1.55472377
1.54651442
1.53481097
1.51196935
1.51526097
1.47761702
1.48670155
1.46539287
1.464749
1.43552524
1.42415378
1.42622873
1.40556178
1.40307883
1.38890786
1.38644685
1.36899923
1.36470795
1.36470795
1.36150197
1.35968263
1.34491542
1.3428244
1.33432515
1.32254479
1.3125239
1.3094785
1.31123051
1.29510741
1.29510741
1.29510741
1.29510741
1.29225934
1.28671603
1.2855673
1.27098438
1.27098438
1.2710754
1.2710754
1.26134276
1.26285109
1.2589362
1.25353528
1.24805997
1.24777987
1.24777987
1.24382233
1.2334386
1.23454727
1.23387679
1.23591915
1.23591915
1.23591915
1.23591915
1.23369195
1.23005477
1.22706925
1.22283986
1.2192428
1.21566548
1.21566548
1.21357414
1.20909729
1.2088035
1.20489255
1.20361055
1.20524612
1.20465952
1.20465952
1.19603077
1.19300279
1.19476283
1.1914853
1.19152312
1.19055508
1.1921834
1.19245567
1.19013199
1.18921032
1.18893969
1.19288081
1.1939724
1.19368218
1.19339227
1.1916596
1.19311892
1.19727637
1.19727637
1.20167831
1.20664069
1.20693447
1.20611264
1.21626913
1.2164012
1.21144277
1.20946676
1.22066534
1.22085433
1.22408869
1.23035944
1.23771955
1.24010568
1.24391973
1.25525536
1.26001635
1.27246201
1.279235
1.29234401
1.30418484
1.31782487
1.34439888
1.33562498
1.36594279
1.35861996
1.38472453
1.40207334
1.39976418
1.43786185
1.44948802
1.47422324
1.47769383
1.50834241
1.55224612
1.56760742
1.60594775
1.60594775
1.69865726
1.71279829
1.73204244
1.74455862
1.77870517
1.79111553
1.80337504
1.82348935
1.82348935
1.82348935
1.82203963
1.81867067
1.82155675
1.82348935
1.81809106
1.81809106
1.81809106
1.81809106
1.81809106
1.81809106
1.81809106
1.81809106
1.81757894
1.81350235
1.81248885
1.81299532
1.80385366
1.79851491
1.79803629
1.79349821
1.78826831
1.78300979
1.78200688
1.78200688
1.78242194
1.76708417
1.76144488
1.75734643
1.75092811
1.73466092
1.73039774
1.73222001
1.73039369
1.72857143
1.71233224
1.71124207
1.70424968
1.70020752
1.69058166
1.68615057
1.67744523
1.66820852
1.66116878
1.66034623
1.64287167
1.64287167
1.64287167
1.63845867
1.61339954
1.61586537
1.61094733
1.60303958
1.59061343
1.58400221
1.57996752
1.5795217
1.57340219
1.57624529
1.57713197
1.56088004
1.56047299
1.56047299
1.56047299
1.56047299
1.56047299
1.55605888
1.56047299
1.56271154
1.56682173
1.57527172
1.57981886
1.57981886
1.58640774
1.59442658
1.60187091
1.61094538
1.61185752
1.62941017
1.62990553
1.63903226
1.67017274
1.67017274
1.68247168
1.72041291
1.75821396
1.77705951
1.87306036
1.83281579
1.8656969
1.92927064
1.9775903
2.02421876
2.02859901
2.03681207
2.03965777
2.04703195
2.05647989
2.0719249
2.06895491
2.10002526
2.0970893
2.10882027
2.12468669
2.10665777
2.10665777
2.14515678
2.14041903
2.13722288
2.1661687
2.17046944
2.16753856
2.16877897
2.18526685
2.18370408
2.19331147
2.20179321
2.20309157
2.18382189
2.21414077
2.21903606
2.23330007
2.24256668
2.22157387
2.25056752
2.25481056
2.22153641
2.2486908
2.29112769
2.29742472
2.25104906
2.30831982
2.31582407
2.29606947
2.31630584
2.33167225
2.34687769
2.37314161
2.39689743
2.39014163
2.39544979
2.4316175
2.47795861
2.49859315
2.47108695
2.4916876
2.50974364
2.52645242
2.54473455
2.58772556
2.57453611
2.60976908
2.60810139
2.60267034
2.62516251
2.67644818
2.67125829
2.68103762
2.76104981
2.73093468
2.75352169
2.81555923
2.81193364
2.82353284
2.8782188
2.91051731
2.87843667
2.97032134
2.99592464
3.01243219
3.04505523
3.05321774
3.09124872
3.15919352
3.18412232
3.2536275
3.34017014
3.39348879
3.39348879
3.59814807
3.46686861
3.78736594
3.58303777
3.58700765
3.87661382
3.79998272
4.41680594
4.41683823
4.53932316
4.39499725
4.77270391
4.78703394
5.32158082
5.28445807
5.44600016
5.62146698
5.83113917
6.24542936
6.13243513
6.82551173
6.92138615
7.26748415
7.48888728
7.59521703
8.30699514
8.28093822
9.01245797
9.24795408
9.84361989
10.1757504
9.9434859
10.9714439
10.8771311
12.041875
12.4976373
12.8095502
12.9796924
13.3431226
13.6892617
13.7393485
13.9465382
14.1560557
14.3736758
14.4684529
14.5394364
14.5662734
14.4952899
14.4853497
14.6052387
14.6052387
14.6052387
14.6052387
14.6052387
14.6052387
14.5043688
14.5043688
14.5417369
14.4474673
14.4089319
14.2956737
14.2260934
14.0476494
14.0476494
13.9032495
13.7540372
13.6701876
13.4846
13.4431446
13.1987016
13.1346573
12.8942838
12.8942838
12.7074231
12.3998094
12.2453106
12.152949
12.0792228
11.8837114
11.7832058
