11.3792039
11.3792039
11.3792039
11.3792039
11.3792039
11.3792039
11.3792039
11.3792039
11.3792039
11.3792039
11.3792039
11.3792039
11.3792039
11.3792039
11.3792039
11.3792039
11.3792039
11.3792039
11.3792039
11.3792039
11.3792039
11.3792039
11.3792039
11.3792039
11.3792039
11.3792039
11.3792039
11.3792039
11.3792039
11.3792039
11.3792039
11.3792039
11.3792039
11.3792039
11.3792039
11.3792039
11.3792039
11.3792039
11.3792039
11.3792039
11.3792039
11.3792039
11.3792039
11.3792039
11.3792039
11.3792039
11.3792039
11.3792039
11.3792039
11.3792039
11.3792039
11.3792039
11.3792039
11.3792039
11.3792039
11.3792039
11.3792039
11.3792039
11.3792039
11.3792039
11.3792039
11.3792039
11.3792039
11.3792039
11.3792039
11.3792039
11.3792039
11.3792039
11.3792039
11.3792039
11.3792039
11.3792039
11.3792039
11.3792039
11.3792039
11.3792039
11.3792039
11.3792039
11.3792039
11.3792039
11.3792039
11.3792039
11.3792039
11.3792039
11.3792039
11.3792039
11.3792039
11.3792039
11.3792039
11.3792039
11.3792039
11.3792039
11.3792039
11.3792039
11.3792039
11.3792039
11.3792039
11.3792039
11.3792039
11.3792039
11.3792039
11.3792039
11.3792039
11.3792039
11.3792039
11.3792039
11.3792039
11.3792039
11.3792039
11.3792039
11.3792039
11.3792039
11.3792039
11.3792039
11.3792039
11.3792039
11.3792039
11.3792039
11.3792039
11.3792039
11.3792039
11.3792039
11.3792039
11.3792039
11.3792039
11.3792039
11.3792039
11.3792039
11.3792039
11.3792039
11.3792039
11.3792039
11.3792039
11.3792039
11.3792039
11.3792039
11.3792039
11.3792039
11.3792039
11.3792039
11.3792039
11.3792039
11.3792039
11.3792039
11.3792039
11.3792039
11.3792039
11.3792039
11.3792039
11.3792039
11.3792039
11.3792039
11.3792039
11.3792039
11.3792039
11.3792039
11.3792039
11.3792039
11.3792039
11.3792039
11.3792039
11.3792039
11.3792039
11.3792039
11.3792039
11.3792039
11.3792039
11.3792039
11.3792039
11.3792039
11.3792039
11.3792039
11.3792039
11.3792039
11.3792039
11.3792039
11.3792039
11.3792039
11.3792039
11.3792039
11.3792039
11.3792039
11.3792039
11.3792039
11.3792039
11.3792039
11.3792039
11.3792039
11.3792039
11.3792039
11.3792039
11.3792039
11.3792039
11.3792039
11.3792039
11.3792039
11.3792039
11.3792039
11.3792039
11.3792039
11.3792039
11.3792039
11.3792039
11.3792039
11.3792039
11.3792039
11.2168762
10.8991348
10.8991348
10.3645915
10.5145852
10.5145852
9.99890198
10.2167376
9.57706544
10.2167376
9.85626471
9.57706544
9.30577506
8.9774433
9.04216956
8.72313847
9.04216956
8.53714855
8.59870035
8.23593591
8.41536363
8.11844787
7.50158907
7.34164435
7.03191296
7.13367695
6.63916831
6.4511
6.4511
6.63916831
6.09079477
6.09079477
6.0039078
6.0039078
5.91826029
5.66857903
5.70944879
5.58771509
5.58771509
5.4294314
5.46857693
5.27563142
5.20855467
5.07204657
5.03848226
4.77784158
4.74622417
4.62183303
4.53068383
4.51566803
4.36822011
4.32493183
4.2115821
4.18371193
4.07406336
3.95413994
4.00699714
3.90197999
3.83774656
3.81235024
3.76206067
3.66346293
3.62715866
3.57931199
3.55562587
3.49709404
3.47395199
3.42812631
3.38290512
3.30519869
3.29424445
3.24001542
3.18667909
3.12383319
3.11348003
3.04196239
3.01181708
3.01181708
2.98197051
2.97208752
2.94263466
2.94263466
2.87504139
2.84655024
2.83711607
2.81834144
2.7719466
2.7444771
2.7444771
2.71727982
2.68143557
2.65486302
2.6285538
2.6285538
2.6285538
2.61984213
2.59387996
2.5596635
2.53429769
2.50918325
2.5008672
2.47608405
2.4678777
2.4515465
2.43532337
2.43532337
2.44342147
2.41118975
2.41118975
2.41118975
2.41118975
2.41118975
2.41118975
2.41118975
2.41118975
2.41118975
2.41118975
2.47608405
2.44342147
2.5008672
2.5008672
2.52589841
2.53429769
2.6285538
2.69035206
2.68143557
2.71727982
2.71727982
2.71727982
2.71727982
2.78116406
2.81834144
2.80900076
2.84655024
2.84655024
2.84655024
2.84655024
2.84655024
2.81834144
2.80900076
2.78116406
2.7719466
2.75360322
2.70827409
2.65486302
2.60925664
2.5596635
2.53429769
2.5008672
2.47608405
2.4678777
2.4192076
2.41118975
2.38729529
2.36363761
2.35580394
2.35580394
2.36363761
2.36363761
2.36363761
2.36363761
2.36363761
2.39523368
2.4515465
2.44342147
2.5008672
2.4678777
2.56817507
2.56817507
2.5596635
2.53429769
2.52589841
2.5008672
2.4678777
2.44342147
2.38729529
2.22653438
2.2339382
2.04920625
2.04241468
1.88600109
1.84267904
1.74156608
1.62968989
1.6189054
1.53515942
1.54538603
1.49989631
1.45092093
1.45574563
1.41289455
1.38043991
1.35321564
1.33536507
1.31338262
1.2960575
1.27896091
1.27049738
1.25373796
1.24131364
1.22493919
1.19283545
1.19283545
1.1888821
1.18101466
1.17319928
1.16543563
1.1500621
1.13489138
1.13489138
1.11992077
1.11992077
1.11992077
1.11250968
1.10514764
1.09783432
1.09056939
1.08335254
1.08335254
1.09056939
1.08335254
1.08335254
1.07618345
1.07618345
1.06551866
1.06551866
1.06198727
1.05846758
1.05846758
1.05146316
1.04797836
1.04797836
1.04797836
1.0445051
1.03759308
1.03415424
1.02390595
1.02051248
1.02051248
1.02051248
1.01039938
1.01039938
1.01039938
1.01039938
1.01039938
1.01039938
1.00705067
1.0003865
0.99707097
0.99707097
0.99707097
0.99707097
0.99707097
0.99707097
0.99707097
1.00705067
1.0003865
1.0003865
1.0003865
1.0003865
0.99707097
0.99047285
0.99047285
0.99047285
0.99047285
0.99047285
0.99047285
0.99047285
0.99047285
0.98391839
0.9774073
0.9774073
0.97416793
0.97416793
0.97416793
0.97416793
0.97416793
0.96772137
0.9709393
0.97416793
0.97416793
0.97416793
0.97416793
0.97416793
0.97416793
0.9774073
0.98391839
0.98719018
0.98719018
0.99376643
0.99707097
1.01375923
1.01375923
1.02390595
1.02390595
1.02390595
1.02390595
1.02390595
1.03415424
1.03759308
1.06198727
1.06198727
1.06198727
1.06551866
1.08335254
1.08695498
1.08335254
1.10882255
1.09419583
1.13489138
1.12364481
1.14625052
1.16543563
1.17319928
1.18494185
1.19680194
1.22901244
1.23309924
1.25790697
1.30036723
1.30036723
1.31338262
1.31774997
1.38043991
1.38503024
1.44611222
1.52500049
1.53007153
1.60286234
1.60819228
1.62428869
1.62968989
1.67911606
1.68469956
1.70721989
1.70721989
1.70721989
1.71289685
1.70721989
1.70721989
1.70721989
1.70721989
1.70721989
1.70721989
1.70721989
1.70721989
1.70721989
1.70721989
1.70721989
1.69592234
1.69030164
1.69030164
1.67911606
1.67355105
1.66247631
1.66247631
1.66247631
1.65147486
1.64054621
1.64054621
1.64054621
1.64054621
1.62968989
1.62428869
1.62428869
1.6189054
1.60286234
1.60286234
1.60286234
1.61353995
1.60819228
1.59225538
1.58171862
1.57647641
1.57125158
1.55568076
1.55568076
1.55052485
1.53515942
1.53515942
1.51994627
1.51994627
1.51994627
1.49989631
1.49989631
1.48503261
1.48011084
1.46544321
1.46058637
1.46058637
1.44611222
1.44611222
1.44131945
1.4317815
1.4317815
1.42703623
1.42230668
1.41289455
1.41289455
1.41289455
1.41289455
1.41289455
1.41289455
1.41289455
1.43654256
1.43654256
1.4317815
1.45092093
1.45092093
1.44611222
1.46544321
1.46544321
1.48011084
1.49989631
1.50488387
1.50488387
1.55052485
1.56604407
1.59755006
1.6189054
1.67911606
1.70721989
1.78251093
1.83048509
1.83657194
1.76484656
1.84267904
1.84880643
1.91121232
1.96917667
1.9757247
1.9757247
1.98229452
2.00879296
2.00879296
2.02217471
2.02217471
2.02217471
2.02217471
2.04241468
2.04920625
2.09043259
2.07659914
2.09043259
2.09738384
2.12542074
2.12542074
2.13957943
2.1609945
2.1609945
2.1609945
2.1609945
2.1609945
2.1609945
2.1609945
2.17539016
2.17539016
2.18988172
2.20446982
2.2191551
2.2191551
2.22653438
2.24136664
2.27132824
2.2191551
2.2191551
2.22653438
2.24881978
2.2638005
2.27132824
2.27132824
2.27888101
2.324728
2.33245834
2.35580394
2.37149734
2.3793832
2.40319847
2.41118975
2.43532337
2.4515465
2.4678777
2.48431769
2.5008672
2.5596635
2.5852832
2.5852832
2.6025053
2.63729444
2.63729444
2.65486302
2.67254863
2.69035206
2.71727982
2.71727982
2.71727982
2.73538123
2.71727982
2.7444771
2.7444771
2.78116406
2.7719466
2.80900076
2.80900076
2.84655024
2.84655024
2.90381771
3.00183518
2.94263466
2.99188636
2.99188636
3.05207772
3.05207772
3.15509966
3.15509966
3.26159907
3.39415418
3.32721658
3.46243846
3.47395199
3.62715866
3.86331206
3.83774656
4.08761071
4.00699714
4.16984607
4.2115821
4.54574956
4.89017038
5.03848226
5.05523656
5.15693882
5.47448748
5.31334142
5.90886001
6.3354933
6.35656051
6.54934592
6.57112424
6.95263478
6.61489838
7.65526354
8.42889951
9.06753751
9.12794174
9.0976895
9.40477919
9.15829459
10.218622
9.49891172
10.8119013
11.326261
11.326261
11.4396256
11.4396256
11.8650905
11.9045451
12.0236978
11.8650905
11.9838483
12.0636798
12.1037948
12.1037948
12.1037948
12.1037948
12.1037948
12.1037948
12.1037948
12.1037948
12.1037948
12.1037948
12.0236978
11.9838483
11.9838483
11.8650905
11.8257667
11.7475096
11.7085754
11.5925455
11.554125
11.4776654
11.4017119
11.326261
11.0660931
11.0660931
10.8119013
10.776068
10.7047573
10.5635485
10.4588656
10.218622
10.184755
10.0838259
9.95080788
9.85219715
