6092.3926
6092.3926
5935.49432
5724.99941
5836.10734
5629.17348
5180.89258
4956.52745
4905.06991
4745.77292
4085.75965
3902.99387
3763.29028
3669.04534
3589.87058
3432.99909
3099.73796
2929.6345
2933.02636
2700.60952
2602.94963
2362.0335
2257.25136
2234.05517
2134.78645
1900.49379
1837.01908
1754.62541
1689.50322
1627.26402
1536.7175
1356.8118
1294.89941
1281.72856
1223.0881
1097.25562
1059.55501
1022.82617
951.419612
965.652577
886.517056
866.541639
836.330914
827.875018
768.960409
761.193578
753.495742
755.44873
757.36811
768.940585
780.605184
802.328693
814.233159
836.548265
859.280588
871.655515
884.139032
896.690472
909.332808
910.928877
912.498846
914.065078
904.563406
906.057977
907.528497
908.975446
888.728244
879.455804
870.274656
861.18403
852.183156
823.166058
814.556593
796.340381
797.592477
789.236365
735.044868
727.343229
711.011181
703.554322
679.39901
601.864955
588.221354
567.772147
568.841591
542.237687
467.092621
444.817782
428.995417
429.984862
414.665219
346.159342
329.09647
321.308856
326.561573
314.595931
267.965549
251.050799
234.514873
235.365776
229.607977
196.584257
188.837526
184.08388
187.638291
182.921244
157.911088
153.835687
149.852173
152.941528
148.987714
131.959568
128.461445
125.042753
125.729596
124.382322
111.473053
108.435225
107.266312
109.726402
106.740542
98.6542059
95.9129827
94.8687105
97.119626
96.0593277
88.6481037
87.6750676
86.710966
87.2716989
84.8093509
80.9542757
80.0564521
79.1669584
79.6921611
78.8041866
77.9245439
74.3464686
73.5121614
74.0045899
73.1718974
72.3471087
70.2555019
69.4599378
69.9220978
69.1283531
68.3422393
65.1577786
64.4123943
64.8465176
64.1029772
63.3666583
61.5044889
61.9176956
61.2026958
61.605933
60.893055
60.1872033
59.4904548
58.7984685
59.1780153
58.4883563
56.7655082
57.1316481
56.4624238
55.7999079
56.1532401
55.4932242
53.8539971
54.1950481
54.532143
53.8879949
53.2503949
52.621162
51.9964706
52.314535
51.6925749
52.0034104
50.4695278
50.7733164
50.1668529
50.4638091
49.8602502
49.264681
48.6735477
48.9573797
48.3692113
48.6467582
48.0633138
47.4842795
47.4842795
47.1767676
46.6068682
46.8665446
46.3013997
45.7405913
45.1872749
45.1872749
45.6800974
45.127265
44.5787255
44.8167289
44.2714505
44.5043919
43.9639334
43.4277175
43.6533041
43.1204121
43.3412594
42.8131952
42.2893174
42.5032757
41.9827686
42.1922859
41.6766004
41.6766004
41.3680998
41.5690711
41.0588377
40.554109
40.056191
40.2490271
39.7531565
39.9420844
40.1291018
39.6361048
39.1471235
39.3285233
39.5081062
39.0207935
39.1967958
38.7143082
38.8868175
38.406573
38.5756743
38.1002483
38.2660242
37.7928862
37.955417
38.1163613
37.6464486
37.1804427
37.3367148
37.4914755
37.0275416
37.1793203
36.7201994
36.8690666
37.0165102
36.5583761
36.7030103
36.2496953
36.3915857
35.9407308
36.0799412
36.2178413
35.7693185
35.9057779
36.0398252
35.5936916
35.7252401
35.2839146
35.4130215
34.9742381
35.1009589
35.226513
34.7913299
34.9145785
34.4819671
34.6029622
34.7228553
34.841659
34.4116036
34.5282534
34.64385
34.2153607
34.3288747
33.9051531
34.0166306
34.1271123
33.7050293
33.8135412
33.3961931
33.5027783
33.6084215
33.7131331
33.2965544
32.8856063
32.9875615
32.9875615
32.6794343
32.7787325
32.3741994
32.4717702
32.5684964
32.1657686
32.2608222
32.3560355
32.4494626
32.0487412
32.1405657
32.1405657
31.8347168
31.9242056
31.5300027
31.6179716
31.7051975
31.7916883
31.8783982
31.8783982
31.5699245
31.6535406
31.2646183
31.3468364
31.3468364
31.0414698
31.1216494
31.1216494
31.2809452
31.2809452
30.9739032
31.0508285
31.1271247
30.744884
30.8208288
30.4422112
30.5160347
30.5892604
30.6618942
30.73483
30.73483
30.4289064
30.4992219
30.5689746
30.1955116
30.264146
30.3322342
29.9609512
30.0279538
30.0952864
30.1612338
30.2266615
29.8573736
29.9217677
29.9856572
30.0490469
29.6831814
29.7455771
29.8074875
29.444698
29.5056429
29.5661163
29.626123
29.6856673
29.7447537
29.384458
29.384458
29.4995385
29.1407049
28.7866664
28.8430695
28.8990443
28.9545951
29.0097257
29.0644401
29.1187422
28.7660706
28.8195512
28.8726311
28.9253139
28.9776034
28.6272268
28.6787322
28.729855
28.3825831
28.3825831
28.4829315
28.5325512
28.5818058
28.6306987
28.6792331
28.7274123
28.3813976
28.428868
28.4759928
28.5227752
28.1795392
28.225638
28.2714035
28.3168389
28.3619472
28.4067312
28.0656175
28.1097536
28.1535741
28.1970819
28.241037
28.2839276
28.3265138
28.3687982
28.4107835
28.4524724
28.1123101
28.1534059
28.194213
28.2347339
28.2749713
27.9373953
27.9770649
28.0164582
28.0555777
28.0944258
28.1330048
28.1720585
28.2101063
28.2478919
27.9118288
27.9118288
27.9860938
28.0228454
28.0593459
28.0955975
28.1316024
28.1680963
28.2036139
28.238891
28.2739296
28.3087318
28.3440334
28.3783686
28.4124734
28.4463496
28.4799992
28.513424
28.54736
28.5803411
28.613103
28.6456476
28.6779768
28.7108263
28.7427298
28.7744232
28.8059082
28.8371865
28.868994
28.868994
28.9305325
28.961001
28.9912711
29.0220788
29.0519573
29.0816422
29.1111352
29.5151089
29.5442307
29.5739076
29.6026564
29.631221
29.6596028
29.6878034
29.7165665
29.7444089
29.7720744
30.1791247
30.1791247
30.2335998
30.2605797
30.2873896
30.3140309
30.3405049
30.3675636
30.3937071
30.4196873
30.4455054
30.4711628
30.8796713
30.9057779
30.9309687
30.9560038
30.9808843
31.0056116
31.0309455
31.0553697
31.0796442
31.10377
31.1277484
31.1515805
31.1767854
31.1767854
31.2229693
31.2462275
31.270104
31.2930818
31.315921
31.3386227
31.361188
31.384377
31.4066724
31.4288345
31.4508643
31.4727627
31.4945308
31.5169288
31.5384391
31.5598221
31.5810786
31.6022096
31.6239755
31.6448584
31.6656186
32.0737443
32.0942701
32.1154436
32.1357304
32.1558991
32.1759504
32.1958854
32.2164726
32.2361773
32.2557682
32.2752461
32.2946118
32.7056504
32.3337779
32.3528121
32.7635547
32.7823802
32.8010983
32.8204862
32.8389921
32.857393
32.8756897
32.8938829
33.3088786
33.3268755
33.3447713
33.3625665
33.380262
33.3986433
33.4161414
33.4335419
33.4508454
33.4680528
33.4851646
33.5029665
33.5198893
33.5367185
33.553455
33.5700992
33.587437
33.6038989
33.6202706
33.6365526
33.6527457
33.6696356
33.6856527
33.7015827
33.7174262
33.7331839
33.7496415
34.1659033
34.1814154
34.196844
34.2121897
34.2274531
34.2434286
34.258529
34.2735489
34.2884886
34.3033489
33.9181483
33.9328427
34.3482519
34.3627996
34.3772705
34.3924591
34.4067779
34.4210215
34.4351903
34.449285
34.4641001
34.4780478
34.4919228
34.5057257
34.924694
34.9383624
34.9527629
34.9662904
34.979748
34.9931363
35.0064557
35.0205097
35.0336928
35.0468084
35.059857
35.4825614
35.086558
35.5091565
35.5219501
35.5346789
35.5473433
35.5607555
35.5732925
35.5857663
35.5981774
35.6105262
35.6228131
35.6358506
35.648015
35.6601188
7.67656125
7.68773292
7.69884511
7.7098982
7.72089257
7.73182862
7.74270672
7.75352725
7.76429058
7.77499709
7.78564714
7.79624111
7.80677935
7.81726222
7.82769008
7.8380633
7.84838221
7.85864716
7.86885852
7.87901661
7.88912179
7.89917438
7.90917473
7.91912317
7.92902003
7.93886564
7.94866033
7.95840442
7.96809823
7.97774208
7.98733629
7.99688117
8.00637703
8.01582419
8.02522294
8.0345736
8.04387647
8.05313184
8.06234002
8.0715013
8.08061598
8.08968435
8.09870669
8.10768329
8.11661444
8.12550042
8.13434152
8.14313801
8.15189016
8.16059826
8.16926257
8.17788337
8.18646092
8.19499549
8.20348735
8.21193676
8.22034398
8.22870926
8.23703287
8.24531507
8.2535561
8.26175621
8.26991566
8.2780347
8.28611356
8.2941525
8.30215175
8.31011157
8.31803218
8.32591382
8.33375674
8.34156116
8.34932731
8.35705544
8.36474575
8.3723985
8.38001389
8.38759215
8.39513351
8.40263819
8.4101064
8.41753837
8.42493431
8.43229443
8.43961895
8.44690808
8.45416204
8.46138102
8.46856523
8.47571489
8.4828302
8.48991136
8.49695856
8.50397202
8.51095193
8.51789849
8.52481189
8.53169233
8.53853999
8.54535509
8.55213779
8.5588883
8.5656068
8.57229348
8.57894852
8.5855721
8.59216442
8.59872565
8.60525596
8.61175555
8.61822459
8.62466325
8.63107171
8.63745015
8.64379874
8.65011764
8.65640703
8.66266708
8.66889796
8.67509984
8.68127287
8.68741724
8.69353309
8.69962059
8.70567991
8.7117112
8.71771462
8.72369034
8.7296385
8.73555927
8.7414528
8.74731925
8.75315876
8.75897149
8.7647576
8.77051722
8.77625051
8.78195763
8.7876387
8.79329389
8.79892333
8.80452717
8.81010556
8.81565863
8.82118653
8.82668939
8.83216737
8.83762058
8.84304918
8.8484533
8.85383307
8.85918863
8.86452011
8.86982766
8.87511139
8.88037144
8.88560794
8.89082102
8.89601081
8.90117744
8.90632103
8.91144172
8.91653962
8.92161486
8.92666756
8.93169785
8.93670586
8.94169169
8.94665548
8.95159733
8.95651738
8.96141574
8.96629252
8.97114785
8.97598184
8.9807946
8.98558626
8.99035691
8.99510669
8.99983569
9.00454404
9.00923183
9.01389919
9.01854622
9.02317303
9.02777973
9.03236642
9.03693322
9.04148023
9.04600755
9.0505153
