7269
7269
7269
7269.55321
7269.55321
7192.10438
6600.65401
6391.65588
6323.56005
5894.29246
5559.78667
5441.83622
5213.27891
5157.73735
4994.42664
4888.47026
4368.88255
4217.61391
3987.13893
4030.16003
3902.55208
3620.26713
3431.19333
3431.26589
3287.15261
3217.41591
2890.12314
2768.73787
2768.79643
2652.50688
2568.51991
2358.22186
2234.18172
2210.37905
2140.39128
2050.49477
1822.2455
1708.63986
1643.34573
1518.47602
1585.08161
1423.83863
1335.07118
1320.84751
1279.02519
1186.25149
1124.54174
1112.56102
1112.58455
1100.73122
1089.00418
1089.05024
1089.07327
1089.0963
1100.8709
1100.89418
1124.82714
1124.85093
1149.2804
1161.70567
1174.26526
1186.98575
1199.81866
1212.79031
1212.81596
1225.92813
1239.20826
1252.60577
1252.63225
1279.86394
1279.86394
1293.70099
1293.75571
1307.74294
1307.7706
1321.90936
1321.93731
1307.88123
1293.94724
1280.1617
1266.52303
1253.02966
1162.39374
1125.58858
1089.94879
1089.97184
1044.19299
927.959435
879.495381
842.556545
851.665713
807.186211
702.101837
687.2068
679.885391
665.461674
637.512262
585.085762
566.560048
566.572029
548.63252
531.261033
492.833105
482.377688
482.387889
472.154067
457.204137
438.01081
433.344302
428.72751
428.736577
424.168875
415.178944
410.755684
410.76437
410.773057
406.396736
397.783472
393.545541
393.553863
389.360994
389.369228
381.116849
377.056481
373.039372
373.047261
369.072866
369.080671
361.258292
361.265932
357.417053
357.424612
353.616658
349.856672
346.129347
346.136666
342.448973
342.456215
335.198121
335.205209
331.633978
331.640992
328.107733
324.618982
324.625847
321.167327
317.745654
317.752373
307.697809
307.704316
304.426076
304.432513
304.438951
301.1955
297.992905
297.999207
294.824364
294.830599
291.689513
288.587995
288.594098
285.519456
285.525494
282.489517
279.479912
279.485822
276.508218
276.514066
276.519913
270.659288
270.665012
267.781383
267.787046
267.792709
264.945284
264.950887
262.128136
262.13368
259.340943
259.346427
256.588811
253.855149
253.860517
253.865886
251.161233
251.171856
248.495905
248.50116
245.853662
245.858861
243.244658
243.249802
240.658251
240.663341
240.66843
235.567649
235.572631
235.577612
235.582594
235.587576
233.077658
180
130.554017
129.646702
129.378729
129.085099
127.41066
125.518783
127.398418
125.261227
124.006123
122.924444
122.757337
120.4333
120.399205
117.777327
117.728117
117.706293
117.906369
117.099221
115.100083
118.427737
114.153033
114.270509
113.160869
112.015417
112.024539
110.814579
110.877113
110.977477
110.923756
110.08971
110.931573
109.810386
108.566115
109.949566
106.353563
106.403901
105.290017
105.415945
106.166509
105.070775
106.996475
103.762261
103.810671
102.607441
102.593625
102.683092
104.678236
101.859462
101.91928
101.609162
100.385788
100.081462
98.5775556
98.1192624
97.4021771
97.3915076
96.2063358
96.1956942
96.1850528
94.7902479
92.6295219
92.625032
92.4194502
91.4353497
91.4308734
91.2258055
91.9852142
88.0598598
88.0495007
87.8537024
86.8880435
85.7338903
90.3469417
86.1613544
85.5594966
86.7021993
85.6781204
85.5090893
84.150536
83.6389757
82.8036618
84.4991041
81.773712
81.7159906
81.022497
80.8895046
79.5781526
79.226086
78.1701942
78.5488654
78.1875578
78.1119989
77.8995886
75.8197948
77.4764894
72.69942
72.680008
72.6679507
72.6668332
72.6028537
74.9453102
72.9132327
71.841977
70.9301106
71.3458356
70.3553245
70.3342146
69.9125966
70.1865504
69.1756105
69.1657697
68.7919956
68.7878068
68.5881008
67.6422507
66.836576
65.9297799
64.5220136
64.0659055
64.1001981
65.3051359
65.0743915
65.9234368
63.5338861
63.4994994
62.671981
62.2632755
62.22385
64.2567549
61.5429658
60.6263088
60.6045108
60.3307578
59.0776942
57.4610203
57.8966081
58.4467933
58.825987
58.7156147
58.6040529
58.0503208
56.684598
58.2788571
56.7404619
56.1638103
56.3889008
58.2816766
56.9662992
56.0620106
55.4861429
57.0944139
54.4163478
54.3940365
54.3683409
54.3461692
54.3160642
54.2445289
54.7334582
55.9022
54.7951263
54.6864561
54.5314387
53.3024247
53.1551483
53.1791716
52.571299
52.3174146
52.1328539
51.4289031
51.4885881
51.4755505
51.4415253
50.3587648
50.2294788
50.5055875
50.8210489
51.1951953
51.5509577
51.8192562
50.7802284
50.7622433
50.7465888
50.717068
50.6801909
50.7329572
50.8120671
50.9080687
49.960534
50.0505229
50.0989658
49.5417303
49.515744
49.3235306
48.4435018
48.7551159
48.5768885
48.490375
47.7391207
48.1673634
48.4331891
48.1684531
47.9141673
46.0619183
46.3365049
47.6225371
45.5985036
46.0705472
45.5941205
45.2152877
44.6558526
44.8754517
45.6389535
45.3145567
45.9846162
45.4815982
45.970815
45.9606664
46.4713278
43.8409984
43.6781328
43.5186674
43.2199064
42.2788729
42.5204399
43.2368499
43.1517392
43.0133942
41.8241944
41.5591395
41.1343078
42.1166115
42.1017436
43.6324053
41.0727613
41.1682847
41.2772512
41.3826809
41.4477407
41.4789153
40.034298
40.297963
40.9856825
40.9074931
41.0533784
41.5044428
41.6581179
41.7760495
41.8381378
41.3826039
40.3420511
40.4308348
42.0724857
40.6519943
40.8152576
39.2032095
38.6533195
38.6502295
38.1177814
39.1427272
39.1033072
39.130633
39.1523161
39.1323583
38.9244548
39.6309073
39.0979824
37.008523
38.8722068
38.0198575
37.9443161
39.1668133
37.3040921
37.8342473
37.8594763
37.8122991
36.8256663
36.805518
36.8126793
37.0887021
37.763686
37.7554975
37.7192868
37.6988708
37.6190433
37.0734728
36.970424
35.8243679
35.6459713
35.1919041
35.9116553
35.9111378
36.1189251
36.1012795
36.087163
36.0730468
36.058931
36.0448156
36.0307007
35.5048003
35.490703
35.490703
35.490703
35.490703
35.490703
35.490703
35.490703
35.490703
35.490703
35.490703
35.490703
35.490703
35.490703
35.490703
35.490703
35.490703
35.490703
35.490703
35.490703
35.490703
35.490703
35.490703
35.490703
35.490703
35.490703
35.490703
35.490703
35.490703
35.490703
35.490703
35.490703
35.490703
35.490703
35.490703
35.490703
35.490703
35.490703
35.490703
35.490703
35.490703
35.490703
35.490703
35.490703
35.490703
35.490703
35.490703
35.490703
35.490703
35.490703
35.490703
35.490703
35.490703
35.490703
35.490703
35.490703
35.490703
35.490703
35.490703
35.490703
35.490703
35.490703
35.490703
35.490703
35.490703
35.490703
35.490703
35.490703
35.490703
35.490703
35.490703
35.490703
35.490703
35.490703
35.490703
35.490703
35.490703
35.490703
35.490703
35.490703
35.490703
35.490703
35.490703
35.490703
35.490703
35.490703
35.490703
35.490703
35.490703
35.490703
35.490703
35.490703
35.490703
35.490703
35.490703
35.490703
35.490703
35.490703
35.490703
35.490703
35.490703
35.490703
35.490703
35.490703
35.490703
35.490703
35.490703
35.490703
35.490703
35.490703
35.490703
35.490703
35.490703
35.490703
35.490703
35.490703
35.490703
35.490703
35.490703
35.490703
35.490703
35.490703
35.490703
35.490703
35.490703
35.490703
35.490703
35.490703
35.490703
35.490703
35.490703
35.490703
35.490703
35.490703
35.490703
35.490703
35.490703
35.490703
35.490703
35.490703
35.490703
35.490703
35.490703
35.490703
35.490703
35.490703
35.490703
35.490703
35.490703
35.490703
35.490703
35.490703
35.490703
35.490703
35.490703
35.490703
35.490703
35.490703
35.490703
35.490703
35.490703
35.490703
35.490703
35.490703
35.490703
35.490703
35.490703
35.490703
35.490703
35.490703
35.490703
35.490703
35.490703
35.490703
35.490703
35.490703
35.490703
35.490703
35.490703
35.490703
35.490703
35.490703
35.490703
35.490703
35.490703
35.490703
35.490703
35.490703
35.490703
35.490703
35.490703
35.490703
35.490703
35.490703
35.490703
35.490703
35.490703
35.490703
35.490703
35.490703
35.490703
35.490703
35.490703
35.490703
35.490703
35.490703
35.490703
35.490703
35.490703
35.490703
35.490703
35.490703
35.490703
35.490703
35.490703
35.490703
35.490703
35.490703
35.490703
35.490703
35.490703
35.490703
35.490703
35.490703
35.490703
35.490703
35.490703
35.490703
35.490703
35.490703
35.490703
35.490703
35.490703
35.490703
35.490703
35.490703
35.490703
35.490703
35.490703
35.490703
35.490703
35.490703
35.490703
35.490703
35.490703
35.490703
35.490703
35.490703
35.490703
35.490703
35.490703
35.490703
35.490703
35.490703
35.490703
35.490703
35.490703
35.490703
35.490703
35.490703
35.490703
35.490703
35.490703
35.490703
35.490703
35.490703
35.490703
35.490703
35.490703
35.490703
35.490703
35.490703
35.490703
35.490703
35.490703
35.490703
35.490703
35.490703
35.490703
35.490703
35.490703
35.490703
35.490703
35.490703
35.490703
35.490703
35.490703
35.490703
35.490703
35.490703
35.490703
35.490703
35.490703
35.490703
35.490703
35.490703
35.490703
35.490703
35.490703
35.490703
35.490703
