772.144748
763.312997
754.626141
746.081102
737.674879
729.404553
721.267278
713.26028
705.380859
697.62638
689.994278
682.48205
675.087256
667.80752
660.64052
653.583995
646.635739
639.793598
633.055474
626.419316
619.883125
613.44495
607.102886
600.855073
594.699697
588.634983
582.659203
576.770664
570.967717
565.248749
559.612184
554.056484
548.580143
543.181694
537.859699
532.612755
527.439489
522.33856
517.308657
512.348498
507.456828
502.632422
497.874079
493.180627
488.550919
483.983831
479.478265
475.033146
470.647423
466.320067
462.050069
457.836444
453.678226
449.574471
445.524253
441.526666
437.580823
433.685855
429.840911
426.045158
422.297779
418.597974
414.944961
411.33797
407.77625
404.259064
400.785689
397.355416
393.967553
390.621418
387.316345
384.051679
380.82678
377.641019
374.493779
371.384456
368.312458
365.277202
362.278118
359.314647
356.38624
353.492358
350.632473
347.806067
345.01263
342.251664
339.522678
336.825192
334.158734
331.52284
328.917055
326.340933
323.794036
321.275933
318.786201
316.324425
313.890198
311.48312
309.102796
306.748842
304.420877
302.118529
299.841432
297.589227
295.361559
293.158082
290.978454
288.822341
286.689413
284.579345
282.49182
280.426525
278.383152
276.3614
274.36097
272.381571
270.422915
268.484721
266.56671
264.668609
262.790151
260.93107
259.091107
257.270007
255.467518
253.683393
251.917389
250.169268
248.438792
246.725733
245.02986
243.350951
241.688784
240.043144
238.413815
236.800589
235.203258
233.621619
232.055471
230.504618
228.968864
227.448019
225.941896
224.450307
222.973072
221.510011
220.060947
218.625705
217.204115
215.796007
214.401216
213.019577
211.65093
210.295115
208.951977
207.62136
206.303113
204.997088
203.703135
202.421111
201.150872
199.892278
198.645188
197.409468
196.184982
194.971597
193.769182
192.577608
191.396749
190.226478
189.066673
187.917211
186.777973
185.64884
184.529696
183.420426
182.320916
181.231055
180.150733
179.07984
178.018271
176.965918
175.922679
174.888451
173.863132
172.846622
171.838823
170.839638
169.848971
168.866727
167.892814
166.927139
165.969612
165.020143
164.078644
163.145028
162.219209
161.301102
160.390624
159.487692
158.592225
157.704142
156.823365
155.949814
155.083413
154.224086
153.371757
152.526352
151.687799
150.856024
150.030957
149.212526
148.400663
147.595299
146.796366
146.003797
145.217527
144.43749
143.663621
142.895858
142.134137
141.378397
140.628576
139.884614
139.146452
138.41403
137.687291
136.966177
136.250631
135.540598
134.836021
134.136847
133.443022
132.754491
132.071203
131.393106
130.720148
130.052278
129.389446
128.731604
128.078701
127.43069
126.787522
126.149152
125.515531
124.886614
124.262356
123.642711
123.027636
122.417086
121.811017
121.209388
120.612155
120.019277
119.430712
118.84642
118.26636
117.690492
117.118776
116.551174
115.987647
115.428158
114.872667
114.321138
113.773534
113.22982
112.689957
112.153912
111.621649
111.093133
110.56833
110.047206
109.529726
109.015859
108.505571
107.998829
107.495602
106.995857
106.499564
106.006691
105.517207
105.031082
104.548286
104.06879
103.592563
103.119577
102.649803
102.183213
101.719778
101.25947
100.802263
100.348128
99.8970399
99.4489706
99.0038942
98.5617847
98.1226162
97.6863632
97.2530005
96.8225031
96.3948463
95.9700056
95.5479568
95.128676
94.7121396
94.298324
93.8872062
93.4787631
93.0729721
92.6698106
92.2692565
91.8712878
91.4758826
91.0830194
90.692677
90.3048342
89.91947
89.536564
89.1560955
88.7780443
88.4023904
88.029114
87.6581953
87.2896151
86.9233539
86.5593929
86.1977131
85.8382958
85.4811227
85.1261754
84.7734357
84.4228859
84.074508
83.7282846
83.3841983
83.0422319
82.7023682
82.3645904
82.0288819
81.695226
81.3636063
81.0340067
80.7064111
80.3808035
80.0571683
79.7354897
79.4157524
79.0979411
78.7820405
78.4680358
78.155912
77.8456545
77.5372486
77.2306799
76.9259342
76.6229973
76.3218551
76.0224937
75.7248995
75.4290588
75.134958
74.8425839
74.5519231
74.2629626
73.9756893
73.6900905
73.4061533
73.1238651
72.8432134
72.5641858
72.28677
72.0109539
71.7367254
71.4640726
71.1929836
70.9234467
70.6554504
70.388983
70.1240332
69.8605897
69.5986413
69.338177
69.0791857
68.8216565
68.5655787
68.3109415
68.0577344
67.8059469
67.5555685
67.306589
67.0589982
66.8127858
66.567942
66.3244567
66.0823201
65.8415223
65.6020539
65.3639051
65.1270664
64.8915284
64.6572818
64.4243173
64.1926258
63.9621981
63.7330252
63.5050983
63.2784083
63.0529466
62.8287045
62.6056733
62.3838445
62.1632095
61.9437601
61.7254878
61.5083844
61.2924417
61.0776517
60.8640061
60.6514972
60.4401169
60.2298574
60.020711
59.8126698
59.6057264
59.3998731
59.1951024
58.9914069
58.7887791
58.5872118
58.3866976
58.1872295
57.9888001
57.7914026
57.5950297
57.3996747
57.2053305
57.0119903
56.8196474
56.628295
56.4379265
56.2485351
56.0601144
55.8726579
55.686159
55.5006114
55.3160087
55.1323446
54.9496129
54.7678074
54.5869219
54.4069504
54.2278867
54.049725
53.8724592
53.6960834
53.5205919
53.3459787
53.1722382
52.9993646
52.8273522
52.6561956
52.4858889
52.3164269
52.1478038
51.9800144
51.8130532
51.6469149
51.4815941
51.3170856
51.1533842
50.9904846
50.8283818
50.6670705
50.5065459
50.3468027
50.1878361
50.0296411
49.8722128
49.7155464
49.5596369
49.4044796
49.2500698
49.0964027
48.9434737
48.7912781
48.6398112
48.4890686
48.3390457
48.1897379
48.0411409
47.8932502
47.7460613
47.5995699
47.4537718
47.3086625
47.1642378
47.0204936
46.8774255
46.7350294
46.5933012
46.4522367
46.311832
46.1720829
46.0329855
45.8945357
45.7567296
45.6195632
45.4830328
45.3471344
45.2118641
45.0772182
44.9431929
44.8097845
44.6769892
44.5448033
44.4132231
44.2822451
44.1518656
44.022081
43.8928878
43.7642823
43.6362612
43.5088209
43.381958
43.2556691
43.1299506
43.0047994
42.8802119
42.7561849
42.6327151
42.5097991
42.3874338
42.2656158
42.144342
42.0236092
41.9034142
41.7837539
41.6646251
41.5460247
41.4279498
41.3103971
41.1933637
41.0768467
40.9608429
40.8453494
40.7303633
40.6158816
40.5019015
40.3884201
40.2754344
40.1629417
40.0509391
39.9394239
39.8283932
39.7178442
39.6077743
39.4981808
39.3890608
39.2804117
39.1722309
39.0645156
38.9572634
38.8504715
38.7441373
38.6382584
38.532832
38.4278557
38.323327
38.2192434
38.1156023
38.0124013
37.9096379
37.8073098
37.7054144
37.6039494
37.5029124
37.402301
37.3021129
37.2023456
37.102997
37.0040647
36.9055464
36.8074398
36.7097426
36.6124527
36.5155678
36.4190856
36.323004
36.2273208
36.1320338
36.0371409
35.9426399
35.8485286
35.7548051
35.6614671
35.5685126
35.4759396
35.3837459
35.2919295
35.2004885
35.1094207
35.0187242
34.9283969
34.838437
34.7488424
34.6596112
34.5707415
34.4822313
34.3940787
34.3062818
34.2188387
34.1317477
34.0450067
33.9586139
33.8725675
33.7868658
33.7015067
33.6164887
33.5318098
33.4474683
33.3634624
33.2797904
33.1964505
33.113441
33.0307601
32.9484062
32.8663776
32.7846725
32.7032893
32.6222263
32.5414818
32.4610543
32.380942
32.3011434
32.2216568
32.1424806
32.0636132
31.9850531
31.9067987
31.8288484
31.7512006
31.6738538
31.5968065
31.5200571
31.4436041
31.3674461
31.2915815
31.2160088
31.1407266
31.0657333
30.9910276
30.9166079
30.8424729
30.7686211
30.695051
30.6217614
30.5487506
30.4760174
30.4035604
30.3313781
30.2594693
30.1878325
30.1164664
30.0453696
29.9745409
29.9039788
29.8336821
29.7636494
29.6938794
29.6243709
29.5551225
29.486133
29.4174011
29.3489255
29.2807049
29.2127382
29.145024
29.0775612
29.0103484
28.9433845
28.8766683
28.8101986
28.7439741
28.6779936
28.6122561
28.5467602
28.4815049
28.4164889
28.3517112
28.2871705
28.2228657
28.1587957
28.0949593
28.0313555
27.9679831
27.9048409
27.841928
27.7792432
27.7167854
27.6545535
27.5925464
27.5307631
27.4692026
27.4078637
27.3467454
27.2858466
27.2251664
27.1647036
27.1044573
27.0444264
26.9846099
26.9250069
26.8656162
26.806437
26.7474681
26.6887087
26.6301577
26.5718142
26.5136772
26.4557457
26.3980188
26.3404955
26.2831749
26.226056
26.1691379
26.1124197
26.0559004
25.9995791
25.943455
25.887527
25.8317943
25.776256
25.7209112
25.6657589
25.6107984
25.5560288
25.5014491
25.4470585
25.3928561
25.3388411
25.2850126
25.2313698
25.1779118
25.1246377
25.0715468
25.0186383
24.9659112
24.9133647
24.8609981
24.8088106
24.7568012
24.7049693
24.653314
24.6018346
24.5505301
24.4993999
24.4484432
24.3976592
24.3470471
24.2966061
24.2463356
24.1962346
24.1463025
24.0965386
24.046942
23.997512
23.9482479
23.899149
23.8502145
23.8014436
23.7528358
23.7043902
23.6561061
23.6079828
23.5600197
23.512216
23.4645709
23.4170839
23.3697542
23.3225812
23.275564
23.2287022
23.1819949
23.1354416
23.0890414
23.0427939
22.9966983
22.9507539
22.9049601
22.8593163
22.8138218
22.7684759
22.723278
22.6782275
22.6333237
22.588566
22.5439538
22.4994864
22.4551633
22.4109838
22.3669472
