2927
2927.29624
2896.05717
2896.08796
2896.11876
2896.14955
2865.24286
2865.27333
2834.72628
2804.47508
2834.78657
2804.53472
2804.56454
2774.66472
2745.05447
2774.72373
2745.11285
2745.14204
2715.87573
2686.89285
2686.92143
2686.95
2658.27581
2629.93559
2629.96355
2629.99152
2601.92517
2601.95284
2601.98051
2546.74199
2546.76907
2546.79615
2546.82323
2519.64443
2492.78218
2492.80868
2492.83519
2466.23253
2466.25875
2439.96565
2413.92719
2413.95286
2413.97853
2414.0042
2388.26819
2388.29358
2388.29358
2388.34438
2388.36977
2362.90705
2337.69094
2337.7158
2337.74066
2337.76551
2337.79037
2312.86689
2312.89148
2312.91608
2288.23345
2288.25778
2263.86237
2263.88644
2263.91051
2263.93459
2239.77467
2215.89615
2215.91971
2215.94327
2215.96683
2215.9904
2168.94622
2168.96928
2168.99235
2169.01541
2145.86844
2145.89126
2123.01364
2123.03621
2123.05879
2100.40225
2055.79008
2012.14686
1969.40923
1969.43017
1948.4131
1886.65795
1555.06115
1473.7753
1489.70424
1411.83472
1352.48302
1091.08302
1056.50103
1045.22642
1001.28647
959.193686
825.310298
790.615328
790.623735
741.292297
695.046315
687.629025
680.290889
680.298123
673.038221
665.855793
651.720065
651.726995
651.733925
644.77885
644.785706
631.097284
631.103995
631.110705
624.375714
624.382353
617.725732
617.732301
611.140079
611.146577
611.153076
604.637494
604.643923
598.191376
598.197737
598.204097
591.826567
591.826567
591.839153
591.845446
591.851739
591.858033
585.548158
585.554384
585.560611
585.566837
579.317874
579.330194
579.336354
579.342514
579.348675
579.354835
573.178259
573.184354
573.190448
573.196543
573.202638
573.208733
573.220924
573.227019
573.233114
573.23921
573.245305
567.133863
567.139894
567.145924
573.281879
573.281879
567.170047
573.300167
573.306263
573.312359
573.318456
573.330648
573.336745
573.342841
573.348938
573.355034
573.361131
573.373325
573.379422
573.385519
573.391616
573.397713
573.409907
573.661908
573.661908
573.671968
573.434296
573.446492
573.452589
573.458687
573.464785
573.470883
573.483079
573.489177
573.495275
573.501373
573.507471
573.513569
573.525766
573.531865
573.537963
573.544062
573.550161
573.562358
573.568457
573.822894
573.822894
573.832957
573.832957
573.853084
573.853084
579.817053
579.817053
579.823219
579.829384
579.829384
579.854047
579.854047
579.860213
579.872544
579.87871
579.884877
579.891043
579.897209
579.909541
579.915708
579.921874
579.928041
573.739252
573.751454
573.757555
573.763656
573.769757
573.775858
573.781959
573.794162
573.800263
573.806365
573.812466
573.818568
573.830771
573.836873
573.842974
573.849076
573.855178
573.867382
573.873484
573.879587
573.885689
573.891791
573.903996
573.910099
573.916201
573.922304
573.928407
573.934509
573.946715
573.952818
573.958921
573.965024
573.971127
573.983334
573.989437
573.995541
574.001644
574.001644
574.019955
574.026059
574.032163
574.285982
574.285982
574.296053
574.306125
574.306125
574.326268
574.326268
574.33634
574.33634
574.105414
574.111518
574.117623
574.123728
574.135938
574.142043
574.148148
574.154253
574.160358
574.172569
574.178674
574.184779
574.190885
574.190885
568.075402
568.081443
568.087484
568.093524
568.099565
568.105606
562.048959
562.054935
562.060912
562.066888
562.072865
562.084819
562.090795
562.096772
562.096772
564.480753
564.480753
559.513526
559.513526
559.53315
559.53315
564.510451
554.619187
554.619187
554.619187
556.181063
556.181063
556.192892
556.198806
556.20472
556.210634
556.216549
550.286653
550.292504
550.298355
550.304207
550.310059
550.321762
550.327614
550.333466
550.339317
550.345169
550.351021
544.483658
544.489448
544.495238
544.501028
544.506817
538.70176
538.707488
538.713217
544.535768
544.541558
538.73613
538.741859
538.747587
538.753316
538.759045
538.770503
538.776232
533.026601
538.78769
538.793419
533.043605
533.054941
533.060609
533.066277
533.071945
527.383189
527.394405
527.400013
527.405621
527.411229
527.416837
521.793978
521.799527
521.805075
521.810624
521.816172
516.253023
516.258512
516.264002
516.269491
516.274981
516.280471
510.776338
510.78177
510.787201
510.792632
510.798064
505.35238
505.357753
505.363127
505.368501
505.373875
505.384622
505.384622
499.996652
500.001968
500.007285
500.017919
500.023235
494.687163
494.692423
494.697684
494.702944
494.713465
494.718725
494.723986
494.729246
494.734507
489.460079
489.465283
489.470488
494.760811
489.480897
489.491307
489.496512
489.501717
489.506922
489.512127
489.517332
484.298525
484.303675
484.308824
484.313974
484.319124
484.329424
484.334574
484.339724
484.344874
484.350025
479.186307
479.191402
479.196497
484.375776
479.206688
479.21688
479.221975
479.227071
479.232167
479.237263
479.242359
479.25255
479.257647
479.262743
479.267839
474.158303
474.163345
474.168387
474.173429
474.178471
474.183513
474.193597
474.198639
474.203682
474.208724
474.213766
474.223851
474.228894
474.233937
474.238979
474.244022
474.249065
474.259151
474.259151
474.259151
469.217981
469.217981
469.22297
469.227959
469.232949
469.237938
469.242928
464.240269
464.245205
464.250142
469.267877
469.272867
464.269888
464.274825
464.279762
469.297817
469.302807
469.307797
464.304446
464.309384
469.327759
464.319258
464.324195
464.33407
464.339007
464.343945
464.348882
464.35382
464.363695
464.368633
464.373571
464.378509
464.383447
464.393323
464.398261
464.403199
464.408137
464.413075
464.418013
464.42789
459.471679
464.437767
464.442705
464.447644
459.496108
459.500994
459.50588
464.472338
459.515652
459.525425
454.621531
454.626365
459.540084
459.54497
454.645702
454.650536
454.655371
454.660205
454.66504
454.669875
454.679544
454.684379
454.689214
454.694048
454.698883
454.708553
454.713388
454.718224
454.723059
454.727894
449.879981
449.884765
449.889549
454.752071
454.756906
454.761742
449.913469
449.918253
454.781085
449.927821
449.932605
449.942174
449.946958
449.951743
449.956527
449.961312
449.970881
449.975666
449.98045
449.99002
449.99002
445.192619
445.197352
445.202086
450.013945
450.01873
450.023515
445.225757
445.230491
450.042657
450.047442
450.052228
445.254163
445.258898
445.263632
445.268367
445.273102
445.282571
445.287306
445.292041
445.296776
445.301511
445.310981
445.315716
445.320451
445.325187
445.329922
445.334657
445.344128
445.348864
440.600942
440.600942
440.605627
435.908274
435.912909
435.917544
435.922179
435.926815
435.936085
435.940721
435.945356
435.949992
435.954628
435.963899
435.968535
435.973171
435.977806
435.982442
435.987078
435.99635
431.34355
436.005623
436.010259
436.014895
431.366484
431.371071
431.375658
436.038077
436.042714
436.051987
436.051987
436.051987
332.667008
332.667008
333.247229
333.829478
334.413765
335.000101
335.588497
336.178964
336.771511
337.366152
337.962896
338.561755
339.16274
339.765862
340.371133
340.978565
341.588168
342.199955
342.813938
343.430128
344.048536
344.669176
345.292059
345.917198
346.544604
347.174291
347.806269
348.440553
349.077155
349.716087
350.357362
351.000993
351.646994
352.295376
352.946154
353.599341
354.25495
354.912995
355.573489
356.236446
356.901879
357.569804
358.240233
358.91318
359.588661
360.266689
360.947279
361.630445
362.316202
363.004565
363.695548
364.389167
365.085437
365.784373
366.48599
367.190303
367.897329
368.607083
369.319581
370.034839
370.752872
371.473698
372.197332
372.92379
373.65309
374.385248
375.120281
375.858206
376.59904
377.3428
378.089504
378.839168
379.591812
380.347452
381.106106
381.867793
382.632531
383.400337
384.171232
384.945233
385.722358
386.502628
387.286061
388.072677
388.862494
389.655533
390.451813
391.251354
392.054177
392.8603
393.669746
394.482534
395.298686
396.118221
396.941162
397.767529
398.597344
399.430628
400.267404
401.107693
401.951518
402.798901
403.649864
404.50443
405.362622
406.224463
407.089977
407.959187
408.832117
409.70879
410.589231
411.473465
412.361515
413.253407
414.149165
415.048815
415.952382
416.859891
417.77137
418.686843
419.606337
420.529878
421.457494
422.389212
423.325057
424.26506
425.209245
426.157643
427.110281
428.067188
429.028392
429.993922
430.963808
431.938079
432.916765
433.899896
434.887503
435.879616
436.876266
437.877484
438.883301
439.89375
440.908863
441.928671
442.953208
443.982506
445.016599
446.055521
447.099304
448.147984
449.201595
450.260172
451.32375
452.392364
453.466051
454.544846
455.628787
456.717909
457.812251
458.91185
460.016744
461.12697
462.242569
463.363579
464.490039
465.62199
466.759471
467.902523
469.051187
470.205506
471.365519
472.53127
473.702802
474.880157
476.06338
477.252513
478.447602
479.648691
480.855825
482.069051
483.288415
484.513963
485.745742
486.9838
488.228185
489.478947
490.736133
491.999794
493.269979
494.54674
495.830128
497.120194
498.41699
499.72057
501.030986
502.348293
503.672546
505.003798
