286.2444
285.275239
284.314144
283.361009
282.41573
281.478204
280.548329
279.626007
278.711141
277.803634
276.903392
276.010324
275.124338
274.245346
273.373259
272.507992
271.64946
270.797579
269.952268
269.113447
268.281035
267.454956
266.635133
265.821491
265.013955
264.212454
263.416914
262.627267
261.843442
261.065371
260.292987
259.526225
258.765019
258.009306
257.259021
256.514105
255.774494
255.04013
254.310953
253.586905
252.867929
252.153968
251.444967
250.740871
250.041626
249.347179
248.657477
247.97247
247.292106
246.616336
245.945109
245.278378
244.616095
243.958212
243.304684
242.655463
242.010506
241.369768
240.733204
240.100772
239.472429
238.848133
238.227843
237.611517
236.999116
236.3906
235.785929
235.185065
234.58797
233.994606
233.404936
232.818924
232.236534
231.65773
231.082477
230.51074
229.942485
229.377679
228.816288
228.258279
227.70362
227.152279
226.604225
226.059426
225.517851
224.979471
224.444255
223.912174
223.383198
222.857299
222.334449
221.814618
221.29778
220.783907
220.272972
219.764948
219.25981
218.75753
218.258083
217.761444
217.267588
216.77649
216.288125
215.802469
215.319498
214.83919
214.361519
213.886464
213.414002
212.944109
212.476765
212.011946
211.549631
211.089799
210.632429
210.177499
209.724989
209.274878
208.827147
208.381774
207.938742
207.498028
207.059616
206.623485
206.189616
205.757991
205.328592
204.901399
204.476396
204.053565
203.632886
203.214345
202.797921
202.3836
201.971364
201.561196
201.153081
200.747
200.342939
199.940881
199.540811
199.142713
198.746571
198.35237
197.960096
197.569732
197.181265
196.79468
196.409962
196.027096
195.646069
195.266867
194.889475
194.51388
194.140068
193.768027
193.397741
193.029199
192.662388
192.297293
191.933903
191.572206
191.212187
190.853835
190.497138
190.142084
189.78866
189.436854
189.086655
188.738052
188.391032
188.045584
187.701696
187.359359
187.018559
186.679287
186.341532
186.005283
185.670528
185.337258
185.005462
184.67513
184.346251
184.018815
183.692813
183.368233
183.045067
182.723304
182.402935
182.083951
181.766341
181.450096
181.135207
180.821664
180.509459
180.198583
179.889026
179.580779
179.273834
178.968182
178.663815
178.360723
178.058898
177.758331
177.459016
177.160942
176.864102
176.568488
176.274092
175.980905
175.68892
175.398129
175.108525
174.820099
174.532844
174.246752
173.961816
173.678028
173.395381
173.113868
172.833482
172.554215
172.27606
171.99901
171.723058
171.448198
171.174422
170.901723
170.630095
170.359532
170.090026
169.82157
169.55416
169.287787
169.022445
168.758129
168.494832
168.232547
167.971268
167.71099
167.451706
167.19341
166.936096
166.679759
166.424391
166.169988
165.916544
165.664052
165.412508
165.161905
164.912239
164.663502
164.415691
164.168798
163.92282
163.67775
163.433584
163.190315
162.947939
162.70645
162.465844
162.226115
161.987258
161.749267
161.512139
161.275868
161.040449
160.805877
160.572148
160.339256
160.107197
159.875965
159.645557
159.415968
159.187193
158.959227
158.732066
158.505705
158.28014
158.055367
157.83138
157.608177
157.385751
157.164099
156.943217
156.7231
156.503745
156.285146
156.0673
155.850203
155.63385
155.418238
155.203363
154.98922
154.775805
154.563115
154.351145
154.139893
153.929353
153.719522
153.510397
153.301973
153.094246
152.887214
152.680872
152.475217
152.270244
152.065952
151.862335
151.65939
151.457114
151.255503
151.054554
150.854263
150.654627
150.455643
150.257306
150.059615
149.862564
149.666152
149.470375
149.275228
149.080711
148.886818
148.693547
148.500895
148.308858
148.117433
147.926618
147.736409
147.546803
147.357798
147.169389
146.981574
146.79435
146.607715
146.421664
146.236196
146.051307
145.866995
145.683256
145.500088
145.317488
145.135453
144.95398
144.773067
144.592711
144.412908
144.233658
144.054955
143.876799
143.699186
143.522114
143.34558
143.169582
142.994116
142.819181
142.644774
142.470891
142.297532
142.124693
141.952371
141.780565
141.609271
141.438488
141.268213
141.098444
140.929177
140.760412
140.592144
140.424373
140.257096
140.09031
139.924013
139.758204
139.592878
139.428035
139.263672
139.099787
138.936378
138.773442
138.610978
138.448982
138.287453
138.12639
137.965789
137.805648
137.645966
137.48674
137.327969
137.169649
137.01178
136.854359
136.697384
136.540854
136.384765
136.229116
136.073906
135.919132
135.764792
135.610884
135.457406
135.304357
135.151735
134.999537
134.847762
134.696407
134.545472
134.394954
134.244851
134.095162
133.945884
133.797017
133.648557
133.500504
133.352855
133.205609
133.058764
132.912318
132.76627
132.620618
132.47536
132.330494
132.186019
132.041934
131.898235
131.754923
131.611994
131.469448
131.327282
131.185496
131.044088
130.903055
130.762397
130.622112
130.482198
130.342653
130.203477
130.064667
129.926223
129.788142
129.650423
129.513064
129.376064
129.239422
129.103136
128.967204
128.831625
128.696398
128.561521
128.426993
128.292812
128.158977
128.025486
127.892338
127.759532
127.627066
127.494939
127.363149
127.231695
127.100576
126.969791
126.839337
126.709214
126.57942
126.449955
126.320815
126.192002
126.063512
125.935345
125.8075
125.679974
125.552768
125.425879
125.299306
125.173049
125.047105
124.921475
124.796155
124.671146
124.546445
124.422052
124.297966
124.174185
124.050708
123.927534
123.804662
123.68209
123.559818
123.437843
123.316166
123.194785
123.073699
122.952906
122.832405
122.712196
122.592278
122.472648
122.353306
122.234251
122.115482
121.996998
121.878797
121.760879
121.643243
121.525886
121.408809
121.292011
121.175489
121.059244
120.943274
120.827577
120.712154
120.597003
120.482123
120.367513
120.253172
120.139099
120.025293
119.911753
119.798478
119.685466
119.572718
119.460232
119.348007
119.236042
119.124336
119.012889
118.901699
118.790764
118.680086
118.569662
118.459491
118.349573
118.239906
118.13049
118.021324
117.912407
117.803738
117.695316
117.58714
117.479209
117.371523
117.264081
117.156881
117.049923
116.943205
116.836728
116.73049
116.624491
116.518729
116.413203
116.307914
116.202859
116.098038
115.993451
115.889096
115.784973
115.681081
115.577418
115.473985
115.37078
115.267803
115.165053
115.062528
114.960229
114.858154
114.756303
114.654675
114.553269
114.452084
114.351119
114.250374
114.149849
114.049541
113.949451
113.849578
113.749921
113.650479
113.551252
113.452238
113.353437
113.254849
113.156472
113.058306
112.96035
112.862604
112.765066
112.667736
112.570614
112.473698
112.376988
112.280483
112.184183
112.088086
111.992193
111.896502
111.801013
111.705725
111.610637
111.515749
111.42106
111.326569
111.232277
111.138181
111.044281
110.950578
110.857069
110.763755
110.670635
110.577708
110.484973
110.392431
110.30008
110.207919
110.115948
110.024167
109.932574
109.84117
109.749953
109.658923
109.56808
109.477422
109.386949
109.29666
109.206556
109.116635
109.026897
108.93734
108.847965
108.758772
108.669758
108.580924
108.49227
108.403794
108.315496
108.227376
108.139432
108.051665
107.964074
107.876658
107.789416
107.702349
107.615455
107.528734
107.442186
107.355809
107.269604
107.18357
107.097706
107.012011
106.926486
106.84113
106.755942
106.670921
106.586067
106.50138
106.416859
106.332504
106.248313
106.164288
106.080426
105.996727
105.913192
105.829819
105.746607
105.663558
105.580669
105.497941
105.415373
105.332964
105.250714
105.168623
105.086689
105.004914
104.923295
104.841833
104.760527
104.679376
104.598381
104.51754
104.436853
104.356321
104.275941
104.195714
104.11564
104.035717
103.955946
103.876326
103.796856
103.717536
103.638366
103.559345
103.480473
103.401749
103.323172
103.244744
103.166462
103.088326
103.010337
102.932493
102.854794
102.77724
102.69983
102.622565
102.545442
102.468463
102.391626
102.314932
102.238379
102.161968
102.085697
102.009568
101.933578
101.857728
101.782017
101.706445
101.631012
101.555716
101.480559
101.405538
101.330655
101.255907
101.181296
101.106821
101.032481
100.958276
100.884205
100.810269
100.736466
100.662797
100.58926
100.515856
100.442584
100.369445
100.296436
100.223559
100.150812
100.078196
100.005709
99.9333523
99.8611246
99.7890257
99.7170554
99.6452131
99.5734986
99.5019115
99.4304513
99.3591179
99.2879107
99.2168295
99.1458739
99.0750435
99.004338
98.933757
98.8633002
98.7929673
98.7227578
98.6526715
98.582708
98.5128669
98.443148
98.3735508
98.304075
98.2347204
98.1654865
98.0963731
98.0273797
97.9585061
97.889752
97.8211169
97.7526006
97.6842027
97.615923
97.5477611
97.4797166
97.4117892
97.3439787
97.2762847
97.2087069
97.1412449
97.0738985
97.0066674
96.9395511
96.8725495
96.8056621
96.7388888
96.6722291
96.6056827
96.5392495
96.472929
96.4067209
96.340625
96.2746409
96.2087684
96.1430071
96.0773567
96.011817
95.9463877
95.8810683
95.8158588
