200	286.2444003
201	285.2752387
202	284.3141439
203	283.3610093
204	282.4157301
205	281.4782038
206	280.5483292
207	279.6260073
208	278.7111407
209	277.8036336
210	276.9033922
211	276.010324
212	275.1243383
213	274.2453459
214	273.3732592
215	272.5079921
216	271.6494598
217	270.7975791
218	269.9522682
219	269.1134466
220	268.2810352
221	267.4549563
222	266.6351333
223	265.821491
224	265.0139553
225	264.2124536
226	263.4169142
227	262.6272666
228	261.8434416
229	261.0653709
230	260.2929875
231	259.5262253
232	258.7650194
233	258.0093058
234	257.2590215
235	256.5141046
236	255.7744942
237	255.0401301
238	254.3109532
239	253.5869054
240	252.8679292
241	252.1539684
242	251.4449673
243	250.7408712
244	250.0416261
245	249.347179
246	248.6574775
247	247.9724702
248	247.2921062
249	246.6163356
250	245.9451091
251	245.2783782
252	244.6160949
253	243.9582122
254	243.3046836
255	242.6554633
256	242.0105062
257	241.3697678
258	240.7332042
259	240.1007722
260	239.4724293
261	238.8481333
262	238.2278429
263	237.6115173
264	236.999116
265	236.3905996
266	235.7859287
267	235.1850648
268	234.5879697
269	233.9946059
270	233.4049364
271	232.8189245
272	232.2365342
273	231.65773
274	231.0824768
275	230.5107399
276	229.9424851
277	229.3776788
278	228.8162876
279	228.2582789
280	227.7036201
281	227.1522793
282	226.6042249
283	226.0594259
284	225.5178514
285	224.9794712
286	224.4442553
287	223.912174
288	223.3831984
289	222.8572994
290	222.3344487
291	221.8146182
292	221.2977801
293	220.7839071
294	220.2729722
295	219.7649485
296	219.2598098
297	218.7575299
298	218.2580833
299	217.7614443
300	217.2675881
301	216.7764897
302	216.2881248
303	215.802469
304	215.3194985
305	214.8391897
306	214.3615193
307	213.8864642
308	213.4140017
309	212.9441092
310	212.4767646
311	212.0119458
312	211.5496312
313	211.0897993
314	210.6324289
315	210.177499
316	209.724989
317	209.2748784
318	208.8271469
319	208.3817745
320	207.9387415
321	207.4980284
322	207.0596157
323	206.6234845
324	206.1896159
325	205.7579911
326	205.3285917
327	204.9013995
328	204.4763964
329	204.0535646
330	203.6328865
331	203.2143445
332	202.7979215
333	202.3836004
334	201.9713643
335	201.5611965
336	201.1530805
337	200.747
338	200.3429389
339	199.9408811
340	199.5408109
341	199.1427127
342	198.746571
343	198.3523704
344	197.9600959
345	197.5697325
346	197.1812654
347	196.7946799
348	196.4099615
349	196.027096
350	195.646069
351	195.2668666
352	194.8894748
353	194.51388
354	194.1400684
355	193.7680266
356	193.3977414
357	193.0291994
358	192.6623877
359	192.2972933
360	191.9339035
361	191.5722055
362	191.2121869
363	190.8538352
364	190.4971381
365	190.1420836
366	189.7886595
367	189.436854
368	189.0866553
369	188.7380516
370	188.3910315
371	188.0455835
372	187.7016963
373	187.3593585
374	187.0185593
375	186.6792874
376	186.3415321
377	186.0052825
378	185.6705281
379	185.3372581
380	185.0054621
381	184.6751298
382	184.3462509
383	184.0188152
384	183.6928126
385	183.3682332
386	183.045067
387	182.7233043
388	182.4029354
389	182.0839506
390	181.7663405
391	181.4500956
392	181.1352066
393	180.8216643
394	180.5094594
395	180.198583
396	179.8890259
397	179.5807793
398	179.2738344
399	178.9681824
400	178.6638146
401	178.3607226
402	178.0588977
403	177.7583315
404	177.4590156
405	177.1609419
406	176.8641021
407	176.5684881
408	176.2740917
409	175.9809051
410	175.6889203
411	175.3981295
412	175.1085249
413	174.8200988
414	174.5328436
415	174.2467517
416	173.9618156
417	173.6780279
418	173.3953812
419	173.1138683
420	172.8334818
421	172.5542146
422	172.2760596
423	171.9990098
424	171.7230581
425	171.4481977
426	171.1744216
427	170.9017231
428	170.6300954
429	170.3595318
430	170.0900257
431	169.8215704
432	169.5541596
433	169.2877867
434	169.0224453
435	168.758129
436	168.4948316
437	168.2325467
438	167.9712683
439	167.71099
440	167.451706
441	167.19341
442	166.9360962
443	166.6797585
444	166.4243911
445	166.1699882
446	165.9165439
447	165.6640524
448	165.4125082
449	165.1619054
450	164.9122386
451	164.6635022
452	164.4156905
453	164.1687983
454	163.9228199
455	163.6777501
456	163.4335836
457	163.1903149
458	162.9479389
459	162.7064503
460	162.465844
461	162.2261148
462	161.9872576
463	161.7492675
464	161.5121393
465	161.2758682
466	161.0404491
467	160.8058773
468	160.5721478
469	160.3392558
470	160.1071965
471	159.8759653
472	159.6455573
473	159.4159681
474	159.1871928
475	158.9592269
476	158.7320659
477	158.5057052
478	158.2801404
479	158.0553669
480	157.8313805
481	157.6081766
482	157.3857509
483	157.1640992
484	156.943217
485	156.7231003
486	156.5037447
487	156.285146
488	156.0673002
489	155.850203
490	155.6338504
491	155.4182383
492	155.2033627
493	154.9892195
494	154.7758049
495	154.5631148
496	154.3511453
497	154.1398926
498	153.9293528
499	153.719522
500	153.5103965
501	153.3019725
502	153.0942462
503	152.887214
504	152.680872
505	152.4752167
506	152.2702445
507	152.0659516
508	151.8623346
509	151.6593899
510	151.4571139
511	151.2555031
512	151.054554
513	150.8542633
514	150.6546274
515	150.4556429
516	150.2573065
517	150.0596148
518	149.8625644
519	149.6661521
520	149.4703745
521	149.2752285
522	149.0807107
523	148.8868179
524	148.693547
525	148.5008947
526	148.3088579
527	148.1174335
528	147.9266183
529	147.7364093
530	147.5468035
531	147.3577977
532	147.1693889
533	146.9815742
534	146.7943505
535	146.6077149
536	146.4216645
537	146.2361963
538	146.0513074
539	145.866995
540	145.6832562
541	145.5000881
542	145.3174879
543	145.1354529
544	144.9539801
545	144.773067
546	144.5927106
547	144.4129084
548	144.2336575
549	144.0549554
550	143.8767992
551	143.6991864
552	143.5221143
553	143.3455803
554	143.1695818
555	142.9941162
556	142.819181
557	142.6447735
558	142.4708913
559	142.2975318
560	142.1246925
561	141.952371
562	141.7805647
563	141.6092713
564	141.4384882
565	141.2682131
566	141.0984436
567	140.9291772
568	140.7604116
569	140.5921445
570	140.4243734
571	140.2570961
572	140.0903102
573	139.9240134
574	139.7582036
575	139.5928783
576	139.4280353
577	139.2636724
578	139.0997874
579	138.9363781
580	138.7734422
581	138.6109776
582	138.448982
583	138.2874535
584	138.1263897
585	137.9657886
586	137.805648
587	137.6459659
588	137.4867401
589	137.3279686
590	137.1696494
591	137.0117803
592	136.8543593
593	136.6973845
594	136.5408537
595	136.384765
596	136.2291164
597	136.073906
598	135.9191317
599	135.7647916
600	135.6108838
601	135.4574063
602	135.3043572
603	135.1517347
604	134.9995367
605	134.8477616
606	134.6964073
607	134.545472
608	134.3949539
609	134.2448511
610	134.0951618
611	133.9458842
612	133.7970165
613	133.6485569
614	133.5005036
615	133.3528549
616	133.2056089
617	133.058764
618	132.9123184
619	132.7662703
620	132.6206181
621	132.47536
622	132.3304943
623	132.1860194
624	132.0419336
625	131.8982352
626	131.7549225
627	131.6119939
628	131.4694478
629	131.3272825
630	131.1854964
631	131.0440878
632	130.9030553
633	130.7623972
634	130.6221119
635	130.4821978
636	130.3426534
637	130.2034772
638	130.0646675
639	129.9262228
640	129.7881417
641	129.6504225
642	129.5130638
643	129.3760641
644	129.2394219
645	129.1031356
646	128.9672039
647	128.8316253
648	128.6963982
649	128.5615212
650	128.426993
651	128.292812
652	128.1589768
653	128.025486
654	127.8923382
655	127.7595321
656	127.6270661
657	127.4949389
658	127.3631492
659	127.2316955
660	127.1005765
661	126.9697908
662	126.8393371
663	126.7092141
664	126.5794203
665	126.4499546
666	126.3208155
667	126.1920017
668	126.063512
669	125.935345
670	125.8074995
671	125.6799742
672	125.5527677
673	125.4258789
674	125.2993064
675	125.173049
676	125.0471054
677	124.9214745
678	124.7961549
679	124.6711455
680	124.546445
681	124.4220522
682	124.2979659
683	124.1741849
684	124.050708
685	123.927534
686	123.8046617
687	123.68209
688	123.5598176
689	123.4378434
690	123.3161663
691	123.1947851
692	123.0736986
693	122.9529058
694	122.8324054
695	122.7121963
696	122.5922775
697	122.4726479
698	122.3533062
699	122.2342514
700	122.1154824
701	121.9969981
702	121.8787974
703	121.7608792
704	121.6432425
705	121.5258862
706	121.4088093
707	121.2920106
708	121.1754891
709	121.0592437
710	120.9432735
711	120.8275774
712	120.7121543
713	120.5970033
714	120.4821232
715	120.3675132
716	120.2531721
717	120.139099
718	120.0252929
719	119.9117527
720	119.7984776
721	119.6854664
722	119.5727182
723	119.4602321
724	119.3480071
725	119.2360422
726	119.1243364
727	119.0128888
728	118.9016985
729	118.7907645
730	118.6800858
731	118.5696615
732	118.4594908
733	118.3495726
734	118.239906
735	118.1304901
736	118.0213241
737	117.9124069
738	117.8037378
739	117.6953158
740	117.5871399
741	117.4792094
742	117.3715232
743	117.2640807
744	117.1568808
745	117.0499226
746	116.9432054
747	116.8367283
748	116.7304904
749	116.6244908
750	116.5187287
751	116.4132032
752	116.3079135
753	116.2028588
754	116.0980382
755	115.9934509
756	115.8890961
757	115.7849729
758	115.6810806
759	115.5774182
760	115.473985
761	115.3707803
762	115.2678031
763	115.1650527
764	115.0625283
765	114.9602291
766	114.8581543
767	114.7563031
768	114.6546748
769	114.5532685
770	114.4520836
771	114.3511192
772	114.2503745
773	114.1498488
774	114.0495414
775	113.9494514
776	113.8495782
777	113.749921
778	113.650479
779	113.5512515
780	113.4522378
781	113.3534371
782	113.2548487
783	113.1564719
784	113.058306
785	112.9603501
786	112.8626037
787	112.765066
788	112.6677363
789	112.5706138
790	112.473698
791	112.376988
792	112.2804832
793	112.1841829
794	112.0880864
795	111.992193
796	111.896502
797	111.8010128
798	111.7057247
799	111.6106369
800	111.5157489
801	111.4210599
802	111.3265694
803	111.2322765
804	111.1381807
805	111.0442814
806	110.9505777
807	110.8570692
808	110.7637552
809	110.670635
810	110.5777079
811	110.4849734
812	110.3924308
813	110.3000795
814	110.2079188
815	110.1159481
816	110.0241668
817	109.9325743
818	109.8411699
819	109.7499531
820	109.6589232
821	109.5680795
822	109.4774216
823	109.3869488
824	109.2966605
825	109.2065561
826	109.1166349
827	109.0268965
828	108.9373402
829	108.8479654
830	108.7587716
831	108.6697581
832	108.5809244
833	108.4922699
834	108.4037939
835	108.3154961
836	108.2273757
837	108.1394322
838	108.0516651
839	107.9640737
840	107.8766576
841	107.7894161
842	107.7023487
843	107.6154549
844	107.528734
845	107.4421856
846	107.3558092
847	107.269604
848	107.1835697
849	107.0977057
850	107.0120114
851	106.9264863
852	106.8411298
853	106.7559416
854	106.6709209
855	106.5860673
856	106.5013803
857	106.4168593
858	106.3325039
859	106.2483135
860	106.1642875
861	106.0804256
862	105.9967271
863	105.9131916
864	105.8298186
865	105.7466075
866	105.6635578
867	105.5806692
868	105.4979409
869	105.4153727
870	105.3329639
871	105.2507141
872	105.1686228
873	105.0866895
874	105.0049137
875	104.9232949
876	104.8418327
877	104.7605266
878	104.6793761
879	104.5983807
880	104.51754
881	104.4368535
882	104.3563207
883	104.2759411
884	104.1957143
885	104.1156398
886	104.0357172
887	103.955946
888	103.8763258
889	103.796856
890	103.7175363
891	103.6383661
892	103.5593451
893	103.4804728
894	103.4017487
895	103.3231725
896	103.2447436
897	103.1664616
898	103.088326
899	103.0103366
900	102.9324927
901	102.854794
902	102.77724
903	102.6998304
904	102.6225646
905	102.5454423
906	102.468463
907	102.3916264
908	102.3149319
909	102.2383792
910	102.1619678
911	102.0856974
912	102.0095675
913	101.9335778
914	101.8577277
915	101.7820169
916	101.706445
917	101.6310116
918	101.5557162
919	101.4805585
920	101.4055381
921	101.3306545
922	101.2559075
923	101.1812964
924	101.1068211
925	101.0324811
926	100.9582759
927	100.8842053
928	100.8102688
929	100.736466
930	100.6627965
931	100.58926
932	100.5158561
933	100.4425844
934	100.3694445
935	100.2964361
936	100.2235587
937	100.150812
938	100.0781956
939	100.0057091
940	99.93335225
941	99.86112458
942	99.78902575
943	99.71705538
944	99.64521312
945	99.57349859
946	99.50191145
947	99.43045133
948	99.35911787
949	99.2879107
950	99.21682949
951	99.14587386
952	99.07504347
953	99.00433797
954	98.933757
955	98.86330021
956	98.79296726
957	98.7227578
958	98.65267148
959	98.58270796
960	98.5128669
961	98.44314795
962	98.37355078
963	98.30407505
964	98.23472041
965	98.16548653
966	98.09637308
967	98.02737973
968	97.95850613
969	97.88975196
970	97.82111689
971	97.7526006
972	97.68420274
973	97.615923
974	97.54776105
975	97.47971658
976	97.41178924
977	97.34397873
978	97.27628472
979	97.2087069
980	97.14124494
981	97.07389853
982	97.00666736
983	96.93955111
984	96.87254947
985	96.80566212
986	96.73888875
987	96.67222906
988	96.60568274
989	96.53924948
990	96.47292897
991	96.40672091
992	96.34062499
993	96.27464092
994	96.20876839
995	96.14300709
996	96.07735674
997	96.01181703
998	95.94638766
999	95.88106835
1000	95.81585878