2573.53764
2573
2573.62703
2573.71642
2573
2573.80582
2573.89522
2573.98462
2574
2574.07403
2574
2574.25285
2574
2574.34227
2574.43169
2574
2574.52111
2574.61053
2574.69996
2574.9
2574.78939
2574.87883
2574.96826
2575
2575.0577
2575.14715
2575
2575.2366
2575.32605
2575.4155
2575
2575.50496
2575.59441
2575.6
2575.68388
2575.77334
2575.86281
2575.9
2575.95228
2576.04176
2576.13124
2597.00291
2597.05783
2597.11275
2597.16767
2597.22259
2597.27752
2597.38737
2597.4423
2597.49723
2597.55216
2625.63518
2597.71695
2597.77189
2625.85729
2625.91282
2625.96835
2598.04658
2598.10152
2598.15646
2626.24602
2626.30156
2598.37625
2598.4312
2598.48615
2598.5411
2598.59605
2598.651
2598.76091
2598.81587
2598.87083
2598.92579
2598.98075
2599.09067
2599.14564
2599.2006
2599.25557
2599.31054
2571.67221
2571.7266
2571.78098
2571.83537
2571.88976
2571.99854
2544.59681
2544.65062
2544.70444
2544.75825
2544.86588
2544.9197
2544.97352
2545.02734
2545.08116
2545.13498
2518.0727
2518.12595
2518.17921
2518.23246
2518.28571
2518.39222
2491.56161
2491.6143
2518.552
2518.60526
2491.82507
2491.87777
2491.93047
2491.98316
2492.03586
2465.53819
2465.59033
2465.64247
2465.69461
2465.74675
2439.52861
2439.5802
2439.63179
2439.68338
2439.73497
2439.78657
2413.84446
2413.8955
2413.94655
2413.9976
2414.04865
2414.15075
2388.43071
2388.48122
2388.53173
2388.58224
2388.68327
2389
2363.28454
2363.33451
2363.38449
2363.48445
2338.30421
2338.35366
2363.6344
2363.68438
2363.73437
2338.60092
2338.65037
2338.69983
2338.74929
2338.79874
2313.93043
2313.97936
2314.0283
2314.07723
2314.12617
2289.5202
2289.56862
2289.6
2289.66545
2289.71388
2265.36748
2265.41538
2265.46329
2289.95599
2290.00442
2290.05285
2265
2255
2265.79867
2265.84659
2265.89451
2265.99034
2266.03826
2266.08618
2266.1341
2266.18203
2266.27788
2266.3258
2266.37373
2266.42166
2266.46958
2266.51751
2242.41776
2242.46518
2242.51261
2242.56003
2242.60745
2242.70231
2242.74973
2242.79716
2242.84459
2242.89202
2242.98688
2243.03432
2243.08175
2243.12919
2243.17662
2243.2715
2243.31894
2243.36638
2243.41382
2243.46126
2243.55615
2243.60359
2243.65104
2243.69849
2243.74594
1819.39989
1813.90673
1808.9201
1800.44931
1795.36865
1804.0665
1798.4886
1788.53592
1786.93999
1787.31412
1780.95696
1783.10359
1773.89639
1776.25279
1778.23828
1773.96948
1768.82161
1776.23792
1782.30006
1771.60757
1771.67958
1767.59281
1763.92125
1765.48889
1762.52141
1763.35103
1763.65749
1762.71091
1758.39941
1745.19671
1744.85282
1739.01019
1735.7939
1727.76235
1728.71989
1725.06871
1724.9995
1726.50635
1712.30713
1725.53231
1706.09944
1707.10094
1704.82973
1706.70035
1706.83985
1719.00407
1701.07412
1701.97396
1704.48982
1706.01495
1711.83695
1706.59617
1711.16442
1705.82264
1707.6782
1705.39572
1707.2556
1709.11987
1706.12305
1700.65062
1702.42919
1696.59674
1695.17514
1696.95517
1698.16214
1702.63657
1694.44219
1696.31673
1697.44969
1689.02846
1686.94645
1681.79547
1671.01669
1661.21768
1660.60444
1662.92196
1667.07253
1661.14393
1666.75132
1663.4516
1671.19298
1661.58645
1660.77455
1655.83622
1652.42308
1652.72664
1656.14297
1656.39961
1649.33829
1639.8046
1642.62246
1643.98606
1638.97344
1646.70688
1628.81321
1630.82102
1632.72548
1634.47334
1637.15363
1646.74686
1644.70172
1643.52328
1646.59024
1638.93836
1638.70317
1640.77517
1639.4802
1649.28615
1623.33071
1625.2272
1623.41047
1625.22751
1622.13008
1618.42776
1628.57721
1627.13694
1628.21542
1620.445
1621.70297
1623.55396
1608.94195
1627.80032
1617.33778
1627.00505
1624.52539
1621.72183
1614.81644
1623.29698
1614.67357
1613.75092
1615.87536
1614.81852
1628.14003
1634.14338
1629.55594
1630.10937
1623.0401
1610.33195
1608.91907
1609.13649
1599.76856
1613.99962
1602.53633
1612.97096
1611.3588
1621.07604
1613.37079
1602.08904
1612.38455
1626.64601
1612.64138
1614.83538
1617.08748
1619.29105
1621.33996
1624.32064
1618.79685
1609.90521
1601.93385
1605.47858
1609.5676
1603.35561
1607.40545
1608.90764
1620.08413
1625.76688
1610.87372
1603.48613
1604.43739
1606.53085
1608.95932
1607.8265
1604.81959
1602.46773
1606.15644
1602.34537
1598.81998
1596.48831
1594.68971
1596.87844
1599.03627
1601.134
1603.64086
1604.72849
1605.39974
1605.80385
1602.59863
1603.09786
1603.97586
1607.79446
1617.05272
1618.72128
1610.90572
1612.97856
1612.77817
1612.4723
1609.59955
1604.84834
1602.63405
1608.78374
1614.70719
1610.50525
1616.39141
1628.24097
1623.651
1626.65358
1627.77254
1632.47072
1626.55869
1624.9653
1623.26049
1621.94949
1621.85471
1631.9038
1626.1752
1628.10556
1632.17302
1637.76127
1642.49165
1647.16309
1643.65609
1644.20668
1642.13808
1639.43892
1642.97894
1647.40458
1641.59135
1648.01413
1650.0093
1663.38577
1665.79729
1680.79177
1659.34816
1659.98208
1667.57885
1667.95827
1668.73217
1670.38834
1668.92448
1677.019
1678.04332
1681.60634
1681.32242
1682.92346
1682.67423
1682.86847
1684.03308
1694.02508
1685.66722
1686.16368
1699.3806
1686.84398
1693.73129
1695.17072
1699.43798
1701.79428
1705.13927
1705.137
1700.66084
1709.99899
1711.95128
1714.64656
1713.04568
1710.37755
1722.02147
1724.16754
1723.11962
1732.49429
1732.63687
1735.6987
1730.57577
1731.48509
1741.08495
1736.71808
1737.96779
1740.6876
1743.08811
1740.49625
1746.42876
1749.04341
1751.86263
1754.71739
1750.95326
1755.30268
1760.02264
1760.90912
1766.73669
1777.53594
1783.46161
1786.35552
1790.05018
1792.88633
1795.74536
1798.61371
1801.49141
1804.37851
1807.27506
1808.1165
1811.0288
1814.00578
1816.99256
1819.98919
1822.99572
1826.01221
1829.03869
1832.07522
1835.12185
1838.17863
1841.24561
1844.32284
1847.41037
1850.50826
1853.61656
1856.73532
1859.86458
1863.00442
1866.15487
1869.316
1872.48785
1875.67049
1878.86396
1882.06833
1885.28365
1888.50997
1891.74735
1894.99585
1898.25553
1901.52644
1904.80864
1908.10219
1911.40715
1914.72358
1918.05154
1921.39108
1924.74228
1928.10519
1931.47987
1934.86638
1938.26479
1941.67516
1945.09754
1948.53202
1951.97865
1955.43749
1958.90861
1962.39207
1965.88795
1969.3963
1972.9172
1976.45071
1979.9969
1983.55584
1987.12759
1990.71224
1994.30983
1997.92046
2001.54418
2005.18107
2008.8312
2012.49465
2016.17148
2019.86177
2023.5656
2027.28303
2031.01415
2034.75902
2038.51773
2042.29036
2046.07697
2049.87765
2053.69248
2057.52153
2061.36489
2065.22263
2069.09484
2072.9816
2076.88298
2080.79908
2084.72998
2088.67575
2092.63649
2096.61228
2100.60321
2104.60936
2108.63082
2112.66767
2116.72001
2120.78793
2124.87152
2128.97086
2133.08604
2137.21717
2141.36433
2145.52762
2149.70712
2153.90294
2158.11517
2162.34391
2166.58926
2170.8513
2175.13015
2179.4259
2183.73865
2188.0685
2192.41556
2196.77992
2201.1617
2205.56099
2209.9779
2214.41253
2218.865
2223.33541
2227.82387
2232.33049
2236.85538
2241.39865
2245.96041
2250.54078
2255.13987
2259.7578
2264.39467
2269.05062
2273.72575
2278.42018
2283.13404
2287.86745
2292.62052
2297.39339
2302.18617
2306.99898
2311.83197
2316.68524
2321.55893
2326.45318
2331.3681
2336.30383
2341.26051
2346.23826
2351.23723
2356.25754
2361.29934
2366.36276
2371.44794
2376.55502
2381.68415
2386.83546
2392.00911
2397.20524
2402.42399
2407.66551
2412.92995
2418.21746
2423.5282
2428.86232
2434.21997
2439.6013
2445.00649
2450.43567
2455.88903
2461.36671
2466.86887
2472.3957
2477.94734
2483.52397
2489.12576
2494.75288
2500.40549
2506.08378
2511.78792
2517.51809
2523.27445
2529.05721
2534.86653
2540.7026
2546.5656
2552.45573
2558.37316
2564.3181
2570.29073
2576.29125
2582.31985
2588.37673
2594.46209
2600.57613
2606.71906
2612.89108
2619.09239
2625.32321
2631.58374
2637.87421
2644.19482
2650.54579
2656.92735
2663.33971
2669.78309
2676.25773
2682.76384
2689.30167
2695.87144
2702.47339
2709.10775
2715.77477
2722.47468
2729.20774
2735.97417
2742.77425
2749.60821
2756.47631
2763.3788
2770.31595
2777.28802
2784.29528
2791.33798
2798.4164
2805.53081
2812.68148
2819.8687
2827.09275
2834.3539
2841.65245
2848.98869
2856.3629
2863.77538
2871.22644
2878.71637
2886.24548
2893.81408
2901.42248
2909.07098
2916.75993
2924.48962
2932.26039
2940.07257
2947.92648
2955.82247
2963.76087
2971.74203
2979.76629
2987.83399
2995.94551
3004.10118
3012.30138
3020.54648
3028.83683
3037.17281
3045.55481
3053.9832
3062.45836
3070.9807
3079.55061
3088.16847
3096.83471
3105.54972
3114.31393
3123.12774
3131.99157
3140.90587
3149.87105
3158.88756
3167.95584
3177.07633
3186.24949
3195.47578
3204.75565
3214.08958
3223.47803
3232.9215
3242.42046
3251.9754
3261.58682
3271.25523
3280.98113
3290.76503
3300.60746
3310.50894
3320.47
3330.4912
3340.57306
3350.71615
3360.92101
3371.18823
3381.51838
3391.91202
3402.36975
3412.89217
3423.47988
3434.13348
3444.8536
3455.64085
3466.49587
3477.41931
3488.41181
3499.47402
3510.60662
3521.81027
3533.08566
3544.43348
3555.85443
